NC_035465.1_orf:0_19	UniRef50_A0A222AIE5	100.000	232	0	0	15	246	1	232	4.50e-166	464
NC_035465.1_orf:0_19	UniRef50_A0A076Q3C3	64.935	231	77	2	20	246	22	252	1.98e-100	299
NC_035465.1_orf:0_21	UniRef50_A0A076E583	51.020	49	24	0	5	53	4	52	1.93e-04	46.6
NC_035465.1_orf:0_23	UniRef50_A0A222AIF5	100.000	314	0	0	23	336	1	314	0.0	644
NC_035465.1_orf:0_23	UniRef50_A0A076PY88	54.318	359	134	8	1	336	66	417	6.24e-107	325
NC_035465.1_orf:1_5	UniRef50_E2BBH2	41.176	102	53	5	13	111	166	263	2.61e-04	46.6
NC_035465.1_orf:1_5	UniRef50_E2BBH2	44.828	87	39	4	13	98	226	304	2.94e-04	46.2
NC_035465.1_orf:1_5	UniRef50_E2BBH2	41.176	102	53	5	13	111	178	275	3.75e-04	46.2
NC_035465.1_orf:1_5	UniRef50_E2BBH2	41.176	102	53	5	13	111	106	203	3.90e-04	46.2
NC_035465.1_orf:1_5	UniRef50_E2BBH2	41.176	102	53	5	13	111	118	215	3.90e-04	46.2
NC_035465.1_orf:1_5	UniRef50_E2BBH2	41.176	102	53	5	13	111	130	227	3.90e-04	46.2
NC_035465.1_orf:1_5	UniRef50_E2BBH2	41.176	102	53	5	13	111	142	239	3.90e-04	46.2
NC_035465.1_orf:1_5	UniRef50_E2BBH2	41.176	102	53	5	13	111	154	251	3.90e-04	46.2
NC_035465.1_orf:1_6	UniRef50_A0A210PN06	45.238	84	46	0	37	120	145	228	1.54e-08	59.7
NC_035465.1_orf:1_6	UniRef50_A0A210PN06	45.238	84	46	0	37	120	132	215	3.70e-08	58.9
NC_035465.1_orf:1_6	UniRef50_A0A210PN06	46.667	75	40	0	46	120	128	202	5.90e-07	55.5
NC_035465.1_orf:1_6	UniRef50_A0A210PN06	43.902	82	46	0	37	118	158	239	8.93e-07	54.7
NC_035465.1_orf:1_6	UniRef50_A0A210PN06	42.857	84	48	0	37	120	106	189	2.81e-05	50.4
NC_035465.1_orf:1_6	UniRef50_UPI0006446853	26.923	104	76	0	18	121	810	913	8.89e-05	49.3
NC_035465.1_orf:1_6	UniRef50_UPI0006446853	28.571	91	65	0	29	119	834	924	3.44e-04	47.4
NC_035465.1_orf:1_37	UniRef50_A0A076PUZ2	84.254	959	145	3	7	959	1	959	0.0	1697
NC_035465.1_orf:1_37	UniRef50_A0A1I9RYV9	34.444	540	333	7	393	928	410	932	1.53e-95	330
NC_035465.1_orf:1_37	UniRef50_A0A1L3KJ41	26.620	849	565	22	120	930	196	1024	6.95e-73	268
NC_035465.1_orf:1_37	UniRef50_A0A1L3KJ06	23.033	877	555	33	90	925	100	897	1.01e-41	174
NC_035465.1_orf:1_37	UniRef50_A0A0F6PMY1	24.158	505	296	21	403	893	102	533	1.53e-16	92.8
NC_035465.1_orf:2_4	UniRef50_A0A1G8C276	58.491	53	18	3	9	58	193	244	1.26e-05	48.9
NC_035465.1_orf:2_4	UniRef50_A0A1G8C276	54.545	44	17	1	10	53	188	228	2.45e-04	45.1
NC_035465.1_orf:2_4	UniRef50_A0A0H5CP99	61.111	36	14	0	10	45	352	387	8.87e-05	46.6
NC_035465.1_orf:2_4	UniRef50_A0A0H5CP99	58.824	34	14	0	10	43	358	391	0.001	43.5
NC_035465.1_orf:2_4	UniRef50_B7PAA3	46.774	62	30	1	12	73	3	61	3.26e-04	43.1
NC_035465.1_orf:2_4	UniRef50_A0A1E1WXI3	55.319	47	18	1	11	57	33	76	7.92e-04	41.6
NC_035465.1_orf:2_5	UniRef50_UPI0009E7A8E7	34.951	103	67	0	40	142	90	192	1.56e-06	54.3
NC_035465.1_orf:2_18	UniRef50_A0A076PY83	90.224	2322	226	1	1	2322	5788	8108	0.0	4515
NC_035465.1_orf:2_18	UniRef50_A0A076E6X1	90.870	2322	210	2	1	2322	22	2341	0.0	4473
NC_035465.1_orf:2_18	UniRef50_A0A088DPC8	92.882	1138	81	0	465	1602	1	1138	0.0	2255
NC_035465.1_orf:2_18	UniRef50_A0A1I9RYV8	49.512	2357	1139	31	1	2320	19	2361	0.0	2240
NC_035465.1_orf:2_18	UniRef50_A0A1L3KJ67	46.053	2356	1194	34	7	2322	3228	5546	0.0	2040
NC_035465.1_orf:2_18	UniRef50_A0A1L3KIY4	40.597	2345	1285	45	10	2317	5143	7416	0.0	1651
NC_035465.1_orf:2_18	UniRef50_A0A0F6PMZ2	35.390	1831	1073	44	12	1832	3114	4844	0.0	1010
NC_035465.1_orf:2_18	UniRef50_A0A0E3GHV1	28.589	2382	1494	76	56	2315	4710	7006	0.0	852
NC_035465.1_orf:2_18	UniRef50_I6LMN0	29.641	2284	1440	70	56	2243	4885	7097	0.0	837
NC_035465.1_orf:2_18	UniRef50_Q008X6	29.567	2310	1409	77	56	2243	4580	6793	0.0	835
