NC_035187.1_orf:2_5	UniRef50_A0A1C9U5B9	61.856	291	110	1	6	295	1	291	4.09e-114	338
NC_035184.1_orf:1_3	UniRef50_O56051	75.351	783	193	0	1	783	2	784	0.0	1228
NC_035184.1_orf:1_3	UniRef50_F8TVT0	86.747	332	43	1	449	779	1	332	0.0	611
NC_035184.1_orf:1_3	UniRef50_A0A076KXP1	40.864	810	451	16	1	787	1	805	0.0	548
NC_035184.1_orf:1_3	UniRef50_A0A1L3KKY6	47.082	514	258	6	41	545	5	513	3.73e-147	459
NC_035184.1_orf:1_3	UniRef50_A0A1L3KKY6	27.869	244	150	6	555	783	587	819	2.46e-09	70.1
NC_035184.1_orf:1_3	UniRef50_A0A1W6R6I1	33.174	838	474	25	19	786	1	822	2.16e-113	370
NC_035184.1_orf:1_3	UniRef50_P13418	31.995	747	410	19	5	669	15	745	2.50e-96	327
NC_035184.1_orf:1_3	UniRef50_A0A034V6L9	28.276	870	505	25	11	783	32	879	1.05e-90	311
NC_035184.1_orf:1_3	UniRef50_A0A0U3THP0	31.839	669	386	21	47	671	7	649	9.39e-85	295
NC_035184.1_orf:1_3	UniRef50_A0A1L3KL46	29.859	710	443	20	2	675	3	693	2.45e-82	289
NC_035184.1_orf:1_3	UniRef50_F8TVS9	92.126	127	10	0	1	127	1	127	1.91e-74	244
NC_035184.1_orf:2_1	UniRef50_O56050	71.421	2005	555	6	8	2007	1	1992	0.0	3023
NC_035184.1_orf:2_1	UniRef50_A0A1L3KKS2	40.380	2053	1093	35	28	2001	13	2013	0.0	1503
NC_035184.1_orf:2_1	UniRef50_A0A1L3KL28	39.167	1777	968	29	300	2003	59	1795	0.0	1219
NC_035184.1_orf:2_1	UniRef50_A0A1L3KLW0	36.510	1805	1024	29	299	2006	287	2066	0.0	1148
NC_035184.1_orf:2_1	UniRef50_F8TVS6	92.041	490	38	1	371	859	1	490	0.0	919
NC_035184.1_orf:2_1	UniRef50_F8TE35	38.294	1149	624	21	913	2003	26	1147	0.0	768
NC_035184.1_orf:2_1	UniRef50_F8TVS7	94.326	282	16	0	1582	1863	1	282	0.0	574
NC_035184.1_orf:2_1	UniRef50_O36966	30.370	810	500	17	1214	1983	949	1734	2.70e-94	348
NC_035184.1_orf:2_1	UniRef50_O36966	29.787	423	275	11	405	816	283	694	4.80e-42	179
NC_035184.1_orf:2_1	UniRef50_A0A0A1XGZ9	29.581	835	506	22	1173	1962	189	986	3.46e-93	335
NC_035184.1_orf:2_1	UniRef50_A0A221LFB9	31.009	803	465	20	1214	1968	961	1722	1.39e-92	343
NC_035184.1_orf:2_1	UniRef50_A0A221LFB9	31.941	407	254	9	405	803	365	756	4.19e-47	196
NC_028833.1_orf:0_1	UniRef50_P0C6V6	54.257	3430	1460	28	592	3936	712	4117	0.0	3739
NC_028833.1_orf:0_1	UniRef50_P0C6V6	39.028	597	341	8	4	586	1	588	4.86e-111	409
NC_028833.1_orf:0_1	UniRef50_S5Z1D1	53.406	3464	1473	30	595	3936	716	4160	0.0	3690
NC_028833.1_orf:0_1	UniRef50_S5Z1D1	38.331	647	383	12	4	644	1	637	9.40e-118	431
NC_028833.1_orf:0_1	UniRef50_S5YAF0	53.341	3457	1470	31	595	3928	716	4152	0.0	3672
NC_028833.1_orf:0_1	UniRef50_S5YAF0	38.331	647	383	12	4	644	1	637	1.13e-117	431
NC_028833.1_orf:0_1	UniRef50_B1PHK1	55.859	3115	1284	25	893	3936	1137	4231	0.0	3525
NC_028833.1_orf:0_1	UniRef50_B1PHK1	40.604	596	347	5	4	593	1	595	2.45e-123	449
NC_028833.1_orf:0_1	UniRef50_B1PHK1	37.979	287	176	2	587	872	703	988	1.49e-49	206
NC_028833.1_orf:0_1	UniRef50_A0A0U2GN93	50.821	3412	1589	31	588	3936	705	4090	0.0	3444
NC_028833.1_orf:0_1	UniRef50_A0A0U2GN93	38.215	594	352	9	4	586	1	590	2.10e-109	404
NC_028833.1_orf:0_1	UniRef50_P0C6U2	50.761	3416	1580	36	588	3936	705	4085	0.0	3428
NC_028833.1_orf:0_1	UniRef50_P0C6U2	37.542	594	356	9	4	586	1	590	4.30e-106	393
NC_028833.1_orf:0_1	UniRef50_P0C6X5	50.661	3405	1602	27	571	3928	679	4052	0.0	3421
NC_028833.1_orf:0_1	UniRef50_P0C6X5	38.230	599	348	8	4	588	1	591	2.37e-107	397
NC_028833.1_orf:0_1	UniRef50_P0C6X1	50.675	3408	1579	36	588	3928	705	4077	0.0	3411
NC_028833.1_orf:0_1	UniRef50_P0C6X1	37.542	594	356	9	4	586	1	590	6.51e-106	392
NC_028833.1_orf:0_1	UniRef50_A8JNZ1	50.467	3428	1606	32	552	3936	681	4059	0.0	3372
NC_028833.1_orf:0_1	UniRef50_A8JNZ1	39.728	589	345	9	4	585	1	586	1.46e-113	417
NC_028833.1_orf:0_1	UniRef50_A0A096XNJ0	59.766	2309	914	7	1625	3928	3	2301	0.0	2884
NC_028833.1_orf:0_10	UniRef50_A0A0U1UZD0	100.000	1343	0	0	29	1371	1	1343	0.0	2777
NC_028833.1_orf:0_10	UniRef50_A0A1W5YKT3	48.547	1376	660	20	29	1371	35	1395	0.0	1299
NC_028833.1_orf:0_10	UniRef50_F1DB14	47.994	1396	681	24	6	1371	3	1383	0.0	1291
NC_028833.1_orf:0_10	UniRef50_B1PHK2	47.473	1365	656	26	31	1371	48	1375	0.0	1256
NC_028833.1_orf:0_10	UniRef50_X2KV18	61.446	913	330	10	78	976	5	909	0.0	1149
NC_028833.1_orf:0_10	UniRef50_P15423	48.642	1178	561	21	213	1371	21	1173	0.0	1090
NC_028833.1_orf:0_10	UniRef50_S5YGT1	48.044	1176	570	20	212	1371	20	1170	0.0	1070
NC_028833.1_orf:0_10	UniRef50_S5YNL4	44.331	1367	708	31	27	1371	29	1364	0.0	1065
NC_028833.1_orf:0_10	UniRef50_Q0Q466	42.674	1406	725	38	6	1371	7	1371	0.0	1007
NC_028833.1_orf:0_10	UniRef50_Q91AV1	42.672	1392	732	32	15	1371	23	1383	0.0	994
