NC_026618.2_orf:0_1	UniRef50_Q8V6X2	69.408	304	89	2	20	321	1	302	8.65e-152	435
NC_026618.2_orf:0_1	UniRef50_X5CJH0	73.786	206	54	0	116	321	1	206	8.34e-113	333
NC_026618.2_orf:0_1	UniRef50_Q0Z808	77.027	148	34	0	127	274	1	148	2.02e-82	253
NC_026618.2_orf:0_1	UniRef50_Q8BAE5	45.205	219	119	1	84	302	1	218	2.45e-70	225
NC_026618.2_orf:0_1	UniRef50_P36292	40.876	274	158	3	31	302	9	280	2.90e-70	228
NC_026618.2_orf:0_1	UniRef50_I3PCT2	40.000	310	172	5	11	315	7	307	1.05e-69	226
NC_026618.2_orf:0_1	UniRef50_A0A0D4D8J8	38.889	306	176	6	12	316	4	299	4.85e-65	214
NC_026618.2_orf:0_1	UniRef50_F5B558	48.466	163	83	1	140	302	1	162	2.82e-53	180
NC_026618.2_orf:0_1	UniRef50_A0A172PDT1	40.972	144	84	1	119	262	3	145	2.23e-36	135
NC_026618.2_orf:5_1	UniRef50_A0A140XEN8	60.192	1143	427	9	9	1131	1	1135	0.0	1477
NC_026618.2_orf:5_1	UniRef50_C0LE07	63.130	1150	368	20	9	1132	1	1120	0.0	1379
NC_026618.2_orf:5_1	UniRef50_A0A1U9YIC9	81.783	774	138	1	9	782	1	771	0.0	1332
NC_026618.2_orf:5_1	UniRef50_P36291	37.003	1081	630	19	65	1123	77	1128	0.0	709
NC_026618.2_orf:5_1	UniRef50_A0A1U9YIC1	78.490	437	91	1	9	445	1	434	0.0	700
NC_026618.2_orf:5_1	UniRef50_Q4VZZ5	78.392	398	86	0	94	491	6	403	0.0	653
NC_026618.2_orf:5_1	UniRef50_I3PCT1	35.530	1047	607	21	96	1100	95	1115	0.0	651
NC_026618.2_orf:5_1	UniRef50_A0A0D4D8M7	32.655	1032	614	21	107	1092	88	1084	2.93e-171	541
NC_026618.2_orf:5_1	UniRef50_B5U1W9	36.800	500	302	7	412	910	2	488	5.50e-103	341
NC_026618.2_orf:5_1	UniRef50_K9UQZ0	98.630	146	2	0	299	444	3	148	2.70e-94	304
NC_035889.1_orf:2_1	UniRef50_Q32ZE1	96.407	3423	119	1	18	3440	1	3419	0.0	6861
NC_035889.1_orf:2_1	UniRef50_Q32ZD4	57.571	3434	1431	18	22	3440	3	3425	0.0	4114
NC_035889.1_orf:2_1	UniRef50_P06935	56.972	3435	1432	22	23	3429	3	3419	0.0	4057
NC_035889.1_orf:2_1	UniRef50_G1CRV4	56.195	3438	1478	17	18	3440	1	3425	0.0	4010
NC_035889.1_orf:2_1	UniRef50_P17763	55.238	3427	1479	29	18	3432	1	3384	0.0	3951
NC_035889.1_orf:2_1	UniRef50_C8XPA9	46.214	3434	1770	40	18	3429	1	3379	0.0	3181
NC_035889.1_orf:2_1	UniRef50_C5H431	47.749	3399	1717	33	61	3438	41	3401	0.0	3168
NC_035889.1_orf:2_1	UniRef50_P03314	46.354	3428	1787	30	22	3429	4	3399	0.0	3152
NC_035889.1_orf:2_1	UniRef50_A0A1P8D4A2	92.686	1668	122	0	44	1711	1	1668	0.0	3142
NC_035889.1_orf:2_1	UniRef50_A0A1P8D4A2	88.663	591	67	0	2850	3440	2807	3397	0.0	1092
NC_035889.1_orf:2_1	UniRef50_A0A1P8D4A2	84.599	461	71	0	1994	2454	1951	2411	0.0	757
NC_035889.1_orf:2_1	UniRef50_A0A1P8D4A2	100.000	96	0	0	2558	2653	2515	2610	2.07e-48	202
NC_035889.1_orf:2_1	UniRef50_A0A1P8D4A2	98.824	85	1	0	1806	1890	1763	1847	4.96e-42	181
NC_035889.1_orf:2_1	UniRef50_A0A0A7AB07	53.830	2833	1266	23	18	2845	1	2796	0.0	3083
NC_035889.1_orf:2_1	UniRef50_A0A0A7AB07	59.524	84	33	1	3352	3435	3303	3385	2.51e-21	112
