NC_010987.1_orf:2_1	UniRef50_A9UC61	100.000	2151	0	0	21	2171	1	2151	0.0	4497
NC_010987.1_orf:2_1	UniRef50_A1XIP9	65.535	2121	700	10	21	2123	1	2108	0.0	2963
NC_010987.1_orf:2_1	UniRef50_A0A0A0P9Y6	39.821	2014	1100	40	38	1980	17	1989	0.0	1363
NC_010987.1_orf:2_1	UniRef50_A0A140H459	38.548	1860	1043	39	52	1850	30	1850	0.0	1155
NC_010987.1_orf:2_1	UniRef50_B1PM64	55.645	868	363	4	1270	2123	1	860	0.0	998
NC_010987.1_orf:2_1	UniRef50_D8V5U3	83.650	263	43	0	1351	1613	1	263	4.78e-151	475
NC_010987.1_orf:2_1	UniRef50_D8V5T8	68.978	274	85	0	82	355	1	274	2.15e-129	415
NC_010987.1_orf:2_1	UniRef50_H9TGE3	72.996	237	64	0	977	1213	1	237	6.10e-117	377
NC_010987.1_orf:2_1	UniRef50_V9PRL7	33.333	705	405	19	398	1083	1	659	6.03e-101	348
NC_010987.1_orf:2_1	UniRef50_Q98645	27.763	778	509	21	918	1669	817	1567	2.24e-65	255
NC_034968.1_orf:0_1	UniRef50_A0A193KUX6	68.571	455	143	0	9	463	1	455	0.0	666
NC_034968.1_orf:0_1	UniRef50_C3TWQ2	68.433	453	140	2	9	458	1	453	0.0	654
NC_034968.1_orf:0_1	UniRef50_A0A1Y0KCB8	47.044	406	213	1	9	414	31	434	3.61e-130	394
NC_034968.1_orf:0_1	UniRef50_P09459	46.253	387	206	1	9	395	1	385	2.14e-120	367
NC_034968.1_orf:0_1	UniRef50_P17240	42.271	414	230	3	9	417	1	410	3.10e-101	320
NC_034968.1_orf:0_1	UniRef50_B5AXP0	39.013	446	249	6	9	451	1	426	8.02e-99	311
NC_034968.1_orf:0_1	UniRef50_Q77IS8	39.842	379	228	0	39	417	31	409	5.53e-87	283
NC_034968.1_orf:0_1	UniRef50_D8WJ22	38.242	421	239	4	9	418	1	411	3.34e-85	278
NC_034968.1_orf:0_1	UniRef50_Q88435	37.624	404	232	3	9	402	1	394	1.03e-84	276
NC_034968.1_orf:0_1	UniRef50_A0A097I379	44.765	277	153	0	141	417	20	296	9.78e-75	248
NC_034968.1_orf:0_2	UniRef50_A0A1W6R4X4	100.000	415	0	0	19	433	1	415	0.0	838
NC_034968.1_orf:0_2	UniRef50_D9IL74	38.283	431	224	12	19	433	1	405	2.10e-72	240
NC_034968.1_orf:0_2	UniRef50_C5I0V2	36.429	420	247	6	19	433	1	405	1.53e-67	228
NC_034968.1_orf:0_2	UniRef50_D9ZNL2	38.928	429	218	12	19	433	1	399	2.53e-66	224
NC_034968.1_orf:0_2	UniRef50_I6UTP6	32.877	438	266	9	17	433	17	447	3.11e-48	178
NC_034968.1_orf:0_2	UniRef50_Q91HJ7	30.612	441	269	13	19	433	1	430	3.42e-40	156
NC_034968.1_orf:0_2	UniRef50_A0A1L5YIL7	28.505	428	269	9	19	431	1	406	1.03e-36	146
NC_034968.1_orf:0_2	UniRef50_C0J7I1	27.230	426	290	7	19	432	1	418	9.96e-30	127
NC_034968.1_orf:0_2	UniRef50_Q06427	25.837	418	284	6	19	433	1	395	2.42e-26	117
NC_034968.1_orf:0_2	UniRef50_M4QV80	26.429	420	289	9	19	433	1	405	1.41e-25	115
NC_034968.1_orf:0_4	UniRef50_C5I0V5	50.134	373	182	1	24	396	1	369	7.83e-135	397
NC_034968.1_orf:0_4	UniRef50_D9ZNL4	49.330	373	185	2	24	396	1	369	3.21e-127	378
NC_034968.1_orf:0_4	UniRef50_D3X606	40.751	373	211	2	24	396	1	363	8.88e-98	303
NC_034968.1_orf:0_4	UniRef50_C6FGY8	39.410	373	216	3	24	396	1	363	6.30e-87	275
NC_034968.1_orf:0_4	UniRef50_I6UTP1	40.974	349	200	2	29	377	10	352	4.49e-85	270
NC_034968.1_orf:0_4	UniRef50_P11206	27.688	372	259	2	25	396	3	364	8.08e-54	189
NC_034968.1_orf:0_4	UniRef50_A0A1Y0KBX0	32.172	373	243	3	24	396	21	383	2.33e-52	186
NC_034968.1_orf:0_4	UniRef50_D5FGX4	30.851	376	248	5	25	396	8	375	5.33e-52	185
NC_034968.1_orf:0_4	UniRef50_P27287	29.189	370	245	6	29	394	7	363	3.49e-45	167
NC_034968.1_orf:0_4	UniRef50_P24266	29.570	372	251	3	29	397	4	367	5.51e-40	153
NC_034968.1_orf:0_5	UniRef50_A0A1W6R4T0	100.000	542	0	0	27	568	1	542	0.0	1087
NC_034968.1_orf:0_5	UniRef50_D9IL76	59.735	529	203	1	28	556	13	531	0.0	649
NC_034968.1_orf:0_5	UniRef50_C3TWQ5	59.501	521	211	0	36	556	14	534	0.0	647
NC_034968.1_orf:0_5	UniRef50_A0A0H4CUJ7	60.305	524	206	2	34	556	5	527	0.0	637
NC_034968.1_orf:0_5	UniRef50_D3X607	46.642	536	277	2	32	559	8	542	1.68e-159	473
NC_034968.1_orf:0_5	UniRef50_K4Q1L2	48.674	528	257	2	46	565	21	542	1.25e-152	456
NC_034968.1_orf:0_5	UniRef50_I6UB10	44.722	521	286	1	47	565	40	560	2.71e-151	453
NC_034968.1_orf:0_5	UniRef50_C6FGY9	39.845	517	307	3	41	556	22	535	4.98e-129	395
NC_034968.1_orf:0_5	UniRef50_A0A1Y0KC98	37.919	567	334	5	4	554	6	570	5.25e-126	389
NC_034968.1_orf:0_5	UniRef50_P35936	41.524	525	294	4	22	533	4	528	2.38e-122	378
NC_034968.1_orf:0_6	UniRef50_A0A1W6R4T2	100.000	579	0	0	25	603	1	579	0.0	1197
NC_034968.1_orf:0_6	UniRef50_A0A1Q2HSY0	45.913	575	305	2	30	601	4	575	0.0	573
NC_034968.1_orf:0_6	UniRef50_Q916F8	46.060	571	306	1	30	600	5	573	0.0	566
NC_034968.1_orf:0_6	UniRef50_C3TWQ6	48.381	556	287	0	44	599	18	573	0.0	563
NC_034968.1_orf:0_6	UniRef50_Q91HJ3	39.175	582	336	5	30	603	10	581	3.35e-154	463
NC_034968.1_orf:0_6	UniRef50_D3X608	41.135	564	318	6	46	602	18	574	9.16e-152	456
NC_034968.1_orf:0_6	UniRef50_I6V5E6	40.068	589	334	9	25	602	1	581	1.13e-146	443
NC_034968.1_orf:0_6	UniRef50_C6FGZ0	39.153	567	329	8	44	601	6	565	1.71e-140	427
NC_034968.1_orf:0_6	UniRef50_A0A1Y0KBW5	34.775	578	365	4	27	602	32	599	2.85e-112	355
NC_034968.1_orf:0_6	UniRef50_K7WN00	33.276	580	358	11	30	599	8	568	3.24e-95	310
NC_034968.1_orf:0_7	UniRef50_C5I0V8	56.743	2217	947	4	9	2219	1	2211	0.0	2612
NC_034968.1_orf:0_7	UniRef50_I6U0Z3	49.036	2231	1105	12	9	2220	1	2218	0.0	2136
NC_034968.1_orf:0_7	UniRef50_C6FGZ1	45.418	2226	1177	13	9	2221	1	2201	0.0	1885
NC_034968.1_orf:0_7	UniRef50_D3X609	43.912	2234	1203	13	11	2208	4	2223	0.0	1860
NC_034968.1_orf:0_7	UniRef50_Q91HJ2	43.840	2224	1226	12	9	2220	1	2213	0.0	1838
NC_034968.1_orf:0_7	UniRef50_A0A1L5YIM9	42.652	2232	1249	13	3	2220	2	2216	0.0	1807
NC_034968.1_orf:0_7	UniRef50_A0A1Y0KCC6	39.631	2223	1278	20	10	2219	17	2188	0.0	1529
NC_034968.1_orf:0_7	UniRef50_P11205	38.074	2222	1306	22	11	2219	7	2171	0.0	1492
NC_034968.1_orf:0_7	UniRef50_P30929	38.004	2255	1294	34	15	2219	5	2205	0.0	1388
NC_034968.1_orf:0_7	UniRef50_A7E3F3	37.688	2258	1289	32	16	2219	6	2199	0.0	1364
NC_034968.1_orf:2_1	UniRef50_D9ZNL3	60.345	58	23	0	48	105	172	229	7.09e-16	77.4
NC_034968.1_orf:2_1	UniRef50_C5I0V3	60.377	53	21	0	55	107	185	237	4.65e-15	75.5
NC_034968.1_orf:2_1	UniRef50_Q9WJ27	49.412	85	36	2	23	107	15	92	1.71e-14	70.9
NC_034968.1_orf:2_1	UniRef50_A0A1L5YIL9	56.897	58	25	0	55	112	186	243	5.14e-12	67.8
NC_034968.1_orf:2_1	UniRef50_P69282	58.182	55	23	0	56	110	317	371	5.56e-12	68.6
NC_034968.1_orf:2_1	UniRef50_Q9IZC0	56.863	51	22	0	57	107	252	302	1.16e-11	67.0
NC_034968.1_orf:2_1	UniRef50_I6V328	59.184	49	20	0	56	104	227	275	1.27e-11	67.0
NC_034968.1_orf:2_1	UniRef50_D3X604	51.852	54	26	0	54	107	223	276	1.67e-11	66.6
NC_034968.1_orf:2_1	UniRef50_Q917N9	42.466	73	42	0	35	107	159	231	3.38e-11	65.5
NC_034968.1_orf:2_1	UniRef50_A0A1L5BXQ4	58.929	56	22	1	53	107	173	228	4.28e-11	65.1
