NC_028814.1_orf:1_1	UniRef50_A0A096XNJ0	80.626	2684	510	3	4	2678	2299	4981	0.0	4655
NC_028814.1_orf:1_1	UniRef50_S5YAF0	80.194	2676	529	1	4	2678	4150	6825	0.0	4647
NC_028814.1_orf:1_1	UniRef50_P0C6X5	80.224	2680	525	1	4	2678	4050	6729	0.0	4641
NC_028814.1_orf:1_1	UniRef50_P0C6X1	79.173	2684	550	2	4	2678	4075	6758	0.0	4582
NC_028814.1_orf:1_1	UniRef50_Q98VG9	73.613	2668	695	4	15	2676	4043	6707	0.0	4225
NC_028814.1_orf:1_1	UniRef50_A0A096XNJ3	71.173	2685	756	6	4	2676	4068	6746	0.0	4069
NC_028814.1_orf:1_1	UniRef50_A0A240FW17	64.970	2672	926	8	6	2675	3661	6324	0.0	3665
NC_028814.1_orf:1_1	UniRef50_P0C6X7	56.816	2707	1126	22	3	2676	4376	7072	0.0	3141
NC_028814.1_orf:1_1	UniRef50_P0C6W5	56.649	2692	1125	21	1	2663	4238	6916	0.0	3138
NC_028814.1_orf:1_1	UniRef50_K9N7C7	56.852	2700	1131	20	3	2677	4383	7073	0.0	3133
NC_028814.1_orf:1_2	UniRef50_F1DAX7	57.339	218	92	1	17	234	1	217	2.23e-91	275
NC_028814.1_orf:1_2	UniRef50_K4K2S1	43.458	214	118	1	20	233	3	213	1.77e-60	196
NC_028814.1_orf:1_2	UniRef50_S5ZIX9	45.205	219	115	3	17	231	1	218	5.88e-58	190
NC_028814.1_orf:1_2	UniRef50_Q6Q1S1	43.498	223	115	3	18	233	3	221	7.96e-55	182
NC_028814.1_orf:1_2	UniRef50_Q91AV0	37.615	218	133	1	17	231	1	218	3.15e-50	171
NC_028814.1_orf:1_2	UniRef50_A0A0U1WJW8	39.801	201	117	3	20	219	3	200	4.21e-43	152
NC_028814.1_orf:1_2	UniRef50_A0A0U2GMK5	34.419	215	135	2	17	225	1	215	4.47e-41	147
NC_028814.1_orf:1_2	UniRef50_A8JNZ3	33.184	223	140	3	17	230	1	223	7.70e-38	139
NC_028814.1_orf:1_2	UniRef50_B1PHJ6	36.967	211	128	2	17	222	1	211	1.31e-33	128
NC_028814.1_orf:1_2	UniRef50_P09047	31.441	229	143	4	17	231	1	229	1.48e-31	123
NC_028814.1_orf:1_3	UniRef50_F1DAY0	67.758	397	110	9	3	385	1	393	0.0	515
NC_028814.1_orf:1_3	UniRef50_K4JZT7	59.194	397	143	5	6	385	8	402	3.47e-159	460
NC_028814.1_orf:1_3	UniRef50_B1PHJ9	51.392	395	159	10	3	380	1	379	8.60e-123	367
NC_028814.1_orf:1_3	UniRef50_A0A0U1WHF5	50.386	389	156	7	4	359	6	390	6.01e-121	363
NC_028814.1_orf:1_3	UniRef50_S5YAG0	47.170	424	174	12	3	383	1	417	8.34e-115	348
NC_028814.1_orf:1_3	UniRef50_Q0Q099	47.045	423	180	7	3	383	1	421	1.75e-112	342
NC_028814.1_orf:1_3	UniRef50_A0A1L2KGB9	46.229	411	181	8	3	379	1	405	1.00e-107	329
NC_028814.1_orf:1_3	UniRef50_A0A0U1WHF1	42.757	428	188	8	3	379	1	422	2.49e-104	321
NC_028814.1_orf:1_3	UniRef50_Q0Q462	51.014	345	155	7	3	344	1	334	4.47e-104	319
NC_028814.1_orf:1_3	UniRef50_A0A1W5YKT5	44.236	373	175	6	3	348	1	367	3.43e-99	308
NC_028814.1_orf:2_1	UniRef50_P0C6V6	55.266	4111	1761	29	26	4076	25	4117	0.0	4652
NC_028814.1_orf:2_1	UniRef50_S5Z1D1	53.609	4156	1803	27	26	4076	25	4160	0.0	4539
NC_028814.1_orf:2_1	UniRef50_S5YAF0	53.520	4148	1803	27	26	4068	25	4152	0.0	4517
NC_028814.1_orf:2_1	UniRef50_A0A0U2GN93	50.754	4114	1911	45	28	4076	27	4090	0.0	4112
NC_028814.1_orf:2_1	UniRef50_P0C6X5	51.382	4089	1885	41	24	4068	23	4052	0.0	4091
NC_028814.1_orf:2_1	UniRef50_P0C6U2	50.473	4119	1914	47	26	4076	25	4085	0.0	4090
NC_028814.1_orf:2_1	UniRef50_P0C6X1	50.426	4111	1912	47	26	4068	25	4077	0.0	4078
NC_028814.1_orf:2_1	UniRef50_A8JNZ1	49.473	4081	1986	32	26	4076	25	4059	0.0	4014
NC_028814.1_orf:2_1	UniRef50_B1PHK1	59.814	3113	1167	18	1034	4076	1133	4231	0.0	3860
NC_028814.1_orf:2_1	UniRef50_B1PHK1	45.744	975	512	10	27	992	26	992	0.0	861
NC_028814.1_orf:2_1	UniRef50_A0A096XNJ0	60.875	2308	890	9	1767	4068	1	2301	0.0	2955
NC_028814.1_orf:2_7	UniRef50_B1PHK2	53.835	1356	574	19	44	1375	48	1375	0.0	1424
NC_028814.1_orf:2_7	UniRef50_A0A1W5YKT3	50.141	1420	633	25	6	1375	1	1395	0.0	1362
NC_028814.1_orf:2_7	UniRef50_F1DB14	50.618	1375	617	27	41	1375	31	1383	0.0	1347
NC_028814.1_orf:2_7	UniRef50_A0A0U1UZD0	48.094	1364	653	21	44	1375	3	1343	0.0	1256
NC_028814.1_orf:2_7	UniRef50_Q0Q466	46.045	1416	672	37	7	1375	1	1371	0.0	1154
NC_028814.1_orf:2_7	UniRef50_P15423	51.115	1166	538	13	232	1375	18	1173	0.0	1149
NC_028814.1_orf:2_7	UniRef50_Q91AV1	47.218	1366	656	27	50	1375	43	1383	0.0	1140
NC_028814.1_orf:2_7	UniRef50_A4ULL0	47.904	1336	613	33	41	1344	34	1318	0.0	1136
NC_028814.1_orf:2_7	UniRef50_S5YGT1	51.071	1167	534	16	232	1375	18	1170	0.0	1131
NC_028814.1_orf:2_7	UniRef50_S5YNL4	46.264	1392	666	33	27	1375	12	1364	0.0	1113
NC_028814.1_orf:2_8	UniRef50_A0A0U1UYX1	50.000	74	37	0	7	80	2	75	5.54e-21	85.1
NC_028814.1_orf:2_8	UniRef50_P19741	50.725	69	34	0	8	76	3	71	6.16e-20	82.8
NC_028814.1_orf:2_8	UniRef50_Q84706	55.263	76	32	1	7	80	1	76	3.85e-15	70.5
NC_028814.1_orf:2_8	UniRef50_A0A1L7HIW4	42.667	75	43	0	6	80	4	78	3.86e-14	68.2
NC_028814.1_orf:2_8	UniRef50_A0A220I8U1	40.000	70	41	1	7	75	1	70	1.84e-06	48.5
NC_028814.1_orf:2_8	UniRef50_P69611	43.939	66	37	0	8	73	7	72	3.66e-04	42.7
NC_028814.1_orf:2_9	UniRef50_A0A1L7HJ65	60.748	214	82	2	18	230	36	248	7.49e-89	269
NC_028814.1_orf:2_9	UniRef50_P15422	61.062	226	86	1	4	229	1	224	5.75e-86	261
NC_028814.1_orf:2_9	UniRef50_A0A0K2SF30	52.804	214	99	2	18	230	53	265	9.80e-79	244
NC_028814.1_orf:2_9	UniRef50_P04135	52.804	214	99	2	18	230	50	262	3.97e-78	242
NC_028814.1_orf:2_9	UniRef50_A0A077ER14	50.000	208	102	2	24	230	1	207	1.34e-71	224
NC_028814.1_orf:2_9	UniRef50_A8VLQ7	77.083	96	22	0	37	132	1	96	1.62e-48	161
NC_028814.1_orf:2_9	UniRef50_A0A0B5IY73	70.248	121	36	0	110	230	1	121	1.02e-45	155
NC_028814.1_orf:2_9	UniRef50_V5R662	52.985	134	63	0	78	211	2	135	3.10e-44	152
NC_028814.1_orf:2_9	UniRef50_P03415	37.727	220	127	3	4	216	1	217	5.13e-39	141
NC_028814.1_orf:2_9	UniRef50_U5LQX7	37.561	205	124	3	6	210	2	202	1.05e-37	138
NC_028814.1_orf:2_12	UniRef50_A0A0U1UYW9	100.000	82	0	0	37	118	1	82	4.55e-50	160
