NC_035114.1_orf:2_1	UniRef50_A0A1W6R549	100.000	221	0	0	15	235	1	221	2.54e-151	444
NC_035114.1_orf:2_1	UniRef50_A0A0C4KMX4	43.684	190	105	2	43	232	24	211	4.60e-44	164
NC_035114.1_orf:2_1	UniRef50_Q9WJ23	39.196	199	114	2	42	233	25	223	7.61e-35	139
NC_035114.1_orf:2_1	UniRef50_A0A0S4GA85	45.395	152	80	2	43	194	29	177	1.38e-34	138
NC_035114.1_orf:2_1	UniRef50_Q9WJ22	38.710	217	122	5	18	231	3	211	1.26e-33	135
NC_035114.1_orf:2_1	UniRef50_A0A096ZZ74	35.122	205	129	2	20	224	3	203	4.11e-31	120
NC_035114.1_orf:2_1	UniRef50_A0A0C6EUF1	38.286	175	102	3	25	198	10	179	4.18e-29	122
NC_035114.1_orf:2_1	UniRef50_Q6Q2W5	37.500	168	86	2	61	216	2	162	1.82e-25	112
NC_035114.1_orf:2_1	UniRef50_Q6GYC2	35.135	185	111	5	25	205	8	187	2.77e-23	105
NC_035114.1_orf:2_1	UniRef50_A0A1B4ZA49	38.500	200	111	6	20	213	4	197	5.23e-23	105
NC_035114.1_orf:2_2	UniRef50_A0A1W6R549	100.000	69	0	0	1	69	223	291	6.92e-41	148
NC_035114.1_orf:2_2	UniRef50_A0A0S4GA85	75.926	54	13	0	13	66	231	284	2.17e-19	87.8
NC_035114.1_orf:2_2	UniRef50_E7BMX2	73.077	52	14	0	15	66	36	87	5.55e-19	80.1
NC_035114.1_orf:2_2	UniRef50_Q9WJ22	74.074	54	14	0	16	69	227	280	4.85e-18	84.0
NC_035114.1_orf:2_2	UniRef50_A0A0C4KMX4	52.941	68	32	0	1	68	216	283	4.55e-17	80.9
NC_035114.1_orf:2_2	UniRef50_Q9WJ23	57.971	69	21	2	2	66	228	292	5.96e-16	77.8
NC_035114.1_orf:2_2	UniRef50_Q3S498	57.407	54	23	0	15	68	6	59	2.15e-15	71.2
NC_035114.1_orf:2_2	UniRef50_Q6Q2W5	61.111	54	21	0	15	68	193	246	3.37e-14	72.8
NC_035114.1_orf:2_2	UniRef50_A0A0H4CUK7	55.172	58	26	0	11	68	221	278	5.23e-14	72.4
NC_035114.1_orf:2_2	UniRef50_Q6GYC2	56.604	53	23	0	16	68	232	284	1.86e-13	70.9
NC_035114.1_orf:2_3	UniRef50_A0A1W6R549	100.000	218	0	0	1	218	436	653	3.51e-148	436
NC_035114.1_orf:2_3	UniRef50_A0A0C4KMX4	32.420	219	146	2	1	218	432	649	9.72e-26	112
NC_035114.1_orf:2_3	UniRef50_A0A0S4GA85	29.680	219	151	3	1	218	434	650	1.56e-21	100
NC_035114.1_orf:2_3	UniRef50_A0A096ZZ81	26.126	222	159	3	1	218	153	373	1.07e-12	74.3
NC_035114.1_orf:2_3	UniRef50_Q9WJ22	24.887	221	155	5	1	218	427	639	2.17e-09	65.1
NC_035114.1_orf:2_3	UniRef50_A0A0C6EUF1	26.957	230	147	5	1	218	427	647	1.24e-06	56.6
NC_035114.1_orf:2_3	UniRef50_A0A096ZZ50	26.816	179	124	5	45	218	2	178	2.40e-05	52.0
NC_035114.1_orf:2_3	UniRef50_Q9WJ23	22.477	218	168	1	2	218	442	659	4.46e-05	52.0
NC_035114.1_orf:2_3	UniRef50_Q6Q2W5	27.692	130	91	2	4	131	402	530	7.47e-04	48.5
NC_035114.1_orf:2_3	UniRef50_Q6GYC2	29.143	175	101	7	1	157	432	601	8.75e-04	48.1
NC_035110.1_orf:0_1	UniRef50_A0A1L3KHH8	59.082	1547	615	8	44	1587	23	1554	0.0	1894
NC_035110.1_orf:0_1	UniRef50_A0A1L3KH39	54.602	1445	630	10	160	1585	1	1438	0.0	1636
NC_035110.1_orf:0_1	UniRef50_A0A1L3KHM6	45.443	1569	821	15	45	1585	51	1612	0.0	1403
NC_035110.1_orf:0_1	UniRef50_A0A1L3KH91	36.279	1618	890	33	64	1585	196	1768	0.0	956
NC_035110.1_orf:0_1	UniRef50_A0A1L3KGY8	45.764	1027	540	6	564	1587	721	1733	0.0	918
NC_035110.1_orf:0_1	UniRef50_A0A1L3KGY8	52.504	579	260	5	19	585	39	614	0.0	631
NC_035110.1_orf:0_1	UniRef50_A0A1L3KNG2	35.320	1577	899	35	88	1591	173	1701	0.0	859
NC_035110.1_orf:0_1	UniRef50_A0A1L3KHL6	33.418	1577	921	32	77	1587	359	1872	0.0	815
NC_035110.1_orf:0_1	UniRef50_A0A1L3KMF5	33.854	1601	894	40	61	1585	82	1593	0.0	767
NC_035110.1_orf:0_1	UniRef50_A0A1L3KNI1	33.064	1606	951	39	53	1589	119	1669	0.0	756
NC_035110.1_orf:0_1	UniRef50_A0A1L3KNE1	33.438	1594	898	42	92	1585	186	1716	0.0	744
NC_035110.1_orf:0_2	UniRef50_A0A1Z2THT5	99.317	879	0	6	10	882	1	879	0.0	1781
NC_035110.1_orf:0_2	UniRef50_A0A077JCA7	46.286	875	415	13	43	876	77	937	0.0	756
NC_035110.1_orf:0_2	UniRef50_A0A1L3KGX2	52.243	758	319	14	159	880	2	752	0.0	744
NC_035110.1_orf:0_2	UniRef50_A0A1L3KHF0	46.711	912	387	19	47	876	32	926	0.0	737
NC_035110.1_orf:0_2	UniRef50_A0A1L3KHU3	46.380	884	395	18	54	876	98	963	0.0	729
NC_035110.1_orf:0_2	UniRef50_A0A221LFJ9	44.628	847	436	17	48	876	74	905	0.0	699
NC_035110.1_orf:0_2	UniRef50_A0A1L3KMK0	44.725	872	420	17	36	876	36	876	0.0	696
NC_035110.1_orf:0_2	UniRef50_A0A1L3KNF1	45.518	859	402	15	75	876	109	958	0.0	691
NC_035110.1_orf:0_2	UniRef50_A0A1L3KH41	47.886	804	380	17	91	876	4	786	0.0	689
NC_035110.1_orf:0_2	UniRef50_A0A1L3KMH0	39.510	858	463	18	55	876	124	961	1.22e-180	553
NC_034408.1_orf:1_1	UniRef50_A0A1E1JQ47	66.821	1730	564	7	14	1735	10	1737	0.0	2427
NC_034408.1_orf:1_1	UniRef50_Q05983	48.116	1752	803	33	30	1736	4	1694	0.0	1584
NC_034408.1_orf:1_1	UniRef50_D9ILU5	70.068	441	129	2	144	581	1	441	0.0	690
NC_034408.1_orf:1_1	UniRef50_C7T4Z4	30.426	1479	860	38	359	1726	464	1884	0.0	605
NC_034408.1_orf:1_1	UniRef50_C7T4Z4	39.726	146	88	0	149	294	145	290	8.17e-23	116
NC_034408.1_orf:1_1	UniRef50_P03588	25.528	1042	595	33	174	1154	24	945	1.07e-77	287
NC_034408.1_orf:1_1	UniRef50_I7GUN6	27.800	982	574	32	200	1155	51	923	8.49e-77	284
NC_034408.1_orf:1_1	UniRef50_A0A0E3DED9	28.098	936	573	28	770	1676	741	1605	1.30e-76	291
NC_034408.1_orf:1_1	UniRef50_A0A0E3DED9	23.299	485	293	16	167	608	18	466	6.97e-18	99.8
NC_034408.1_orf:1_1	UniRef50_G1K3U9	47.529	263	131	4	98	355	26	286	7.01e-74	257
NC_034408.1_orf:1_1	UniRef50_B6E276	28.197	915	541	32	804	1673	753	1596	1.02e-70	272
NC_034408.1_orf:1_1	UniRef50_B6E276	22.291	323	217	9	149	457	5	307	1.14e-12	82.8
NC_034408.1_orf:1_1	UniRef50_G9CU43	26.508	1011	588	35	775	1717	719	1642	5.15e-70	270
NC_034408.1_orf:1_1	UniRef50_G9CU43	24.221	289	198	8	200	478	52	329	7.59e-09	70.1
NC_034407.1_orf:1_1	UniRef50_P0C760	66.404	2158	723	1	12	2169	1	2156	0.0	3048
NC_034407.1_orf:1_1	UniRef50_D7NVD2	77.902	1430	316	0	143	1572	1	1430	0.0	2420
NC_034407.1_orf:1_1	UniRef50_A0A0K0LEI5	75.255	1079	267	0	12	1090	1	1079	0.0	1741
NC_034407.1_orf:1_1	UniRef50_A0A1B1XXS7	66.245	1185	386	3	987	2169	1	1173	0.0	1687
NC_034407.1_orf:1_1	UniRef50_V9MFU8	68.202	1151	366	0	251	1401	1	1151	0.0	1676
NC_034407.1_orf:1_1	UniRef50_R4JAI5	75.264	853	211	0	251	1103	2	854	0.0	1377
NC_034407.1_orf:1_1	UniRef50_F6L6Q2	71.742	821	230	1	633	1451	1	821	0.0	1266
NC_034407.1_orf:1_1	UniRef50_R4JAI1	81.010	574	109	0	989	1562	1	574	0.0	1031
NC_034407.1_orf:1_1	UniRef50_A0A024AXT8	76.737	619	144	0	410	1028	5	623	0.0	1011
NC_034407.1_orf:1_1	UniRef50_R4JAH9	82.851	484	83	0	763	1246	3	486	0.0	863
