NC_034447.1_orf:1_1	UniRef50_Q8B6S2	94.077	439	26	0	5	443	1	439	0.0	850
NC_034447.1_orf:1_1	UniRef50_A0A0D3R117	71.754	439	121	1	5	443	1	436	0.0	673
NC_034447.1_orf:1_1	UniRef50_B2X7D1	43.836	438	241	2	5	442	8	440	2.10e-143	424
NC_034447.1_orf:1_1	UniRef50_A0A0D3R1K1	43.607	438	236	2	5	442	1	427	2.09e-138	410
NC_034447.1_orf:1_1	UniRef50_D3GGK8	41.686	439	246	2	5	443	1	429	6.12e-114	348
NC_034447.1_orf:1_1	UniRef50_A0A096ZGU0	36.735	441	262	3	5	443	1	426	5.77e-100	312
NC_034447.1_orf:1_1	UniRef50_Q65474	36.534	427	264	1	12	438	8	427	1.26e-98	309
NC_034447.1_orf:1_1	UniRef50_A0A097A599	35.514	428	271	3	19	443	15	440	3.76e-96	303
NC_034447.1_orf:1_1	UniRef50_A0A0D3R1B9	34.152	448	276	5	1	443	1	434	1.34e-90	288
NC_034447.1_orf:1_1	UniRef50_A0A0D3R128	33.953	430	276	4	13	441	9	431	8.08e-90	286
NC_034447.1_orf:1_3	UniRef50_T2FGV0	100.000	161	0	0	18	178	1	161	9.04e-119	339
NC_034447.1_orf:1_3	UniRef50_A0A0D3R1F5	38.750	160	98	0	18	177	1	160	2.19e-33	123
NC_034447.1_orf:1_3	UniRef50_A0A0D3R1M3	29.630	162	107	3	18	176	1	158	2.32e-15	77.0
NC_034447.1_orf:1_3	UniRef50_A0A0D3R1H7	27.273	165	109	2	18	177	1	159	4.24e-11	65.9
NC_034447.1_orf:1_3	UniRef50_A0A0D3R1J1	26.875	160	114	3	18	176	1	158	1.34e-10	64.3
NC_034447.1_orf:1_4	UniRef50_T2FGJ3	87.879	165	20	0	8	172	1	165	2.19e-111	320
NC_034447.1_orf:1_4	UniRef50_A0A0D3R156	51.572	159	76	1	8	165	1	159	5.17e-50	165
NC_034447.1_orf:1_4	UniRef50_A0A0D3R240	33.133	166	110	1	8	172	2	167	2.87e-19	87.0
NC_034447.1_orf:1_4	UniRef50_A0A0D3R185	28.030	132	95	0	8	139	1	132	1.61e-09	61.6
NC_034447.1_orf:1_5	UniRef50_T2FGM6	100.000	160	0	0	7	166	1	160	1.75e-118	338
NC_034447.1_orf:1_5	UniRef50_A0A0D3R1Z9	41.615	161	93	1	7	166	1	161	6.35e-38	134
NC_034447.1_orf:1_5	UniRef50_A0A0D3R1Y1	31.677	161	106	3	7	165	1	159	1.31e-19	87.4
NC_034447.1_orf:1_10	UniRef50_B2X7E0	52.456	2097	956	14	46	2116	36	2117	0.0	2183
NC_034447.1_orf:1_10	UniRef50_D3GGM2	50.452	2103	1008	17	31	2121	24	2104	0.0	2122
NC_034447.1_orf:1_10	UniRef50_A0A0D3R1N4	49.673	2140	1038	16	6	2119	3	2129	0.0	2036
NC_034447.1_orf:1_10	UniRef50_Q91DR9	43.269	2080	1139	20	48	2120	25	2070	0.0	1659
NC_034447.1_orf:1_10	UniRef50_E7D0U6	41.991	2110	1164	22	36	2120	17	2091	0.0	1630
NC_034447.1_orf:1_10	UniRef50_P03523	41.951	2112	1184	23	22	2120	2	2084	0.0	1625
NC_034447.1_orf:1_10	UniRef50_Q9E784	43.010	2146	1113	32	41	2109	20	2132	0.0	1611
NC_034447.1_orf:1_10	UniRef50_A0A0D3R164	41.860	2064	1140	28	56	2086	33	2069	0.0	1609
NC_034447.1_orf:1_10	UniRef50_A0A0B5KXL1	41.199	2102	1193	21	38	2120	21	2098	0.0	1598
NC_034447.1_orf:1_10	UniRef50_A0A1L3KMS6	41.066	2082	1178	22	49	2104	43	2101	0.0	1575
NC_034447.1_orf:2_4	UniRef50_T2FG37	62.500	120	45	0	3	122	1	120	1.73e-30	112
NC_034447.1_orf:2_4	UniRef50_A0A0D3R0Z0	38.158	76	40	2	3	71	1	76	6.46e-05	46.6
NC_034443.1_orf:0_3	UniRef50_A0A0D3R1R7	100.000	64	0	0	8	71	1	64	4.63e-39	130
NC_034443.1_orf:0_4	UniRef50_A0A0B5KTT2	50.927	2103	1003	19	43	2135	28	2111	0.0	2088
NC_034443.1_orf:0_4	UniRef50_V5PZP2	49.101	2114	1039	17	12	2110	1	2092	0.0	2038
NC_034443.1_orf:0_4	UniRef50_E7D0U6	43.359	2108	1158	20	21	2111	2	2090	0.0	1743
NC_034443.1_orf:0_4	UniRef50_P03523	44.718	2111	1099	32	26	2111	16	2083	0.0	1717
NC_034443.1_orf:0_4	UniRef50_A0A249Y6Z0	44.247	2077	1107	21	51	2111	33	2074	0.0	1714
NC_034443.1_orf:0_4	UniRef50_E3P8Z1	44.278	2001	1051	26	22	2005	11	1964	0.0	1634
NC_034443.1_orf:0_4	UniRef50_Q91DR9	42.706	2084	1123	31	51	2111	34	2069	0.0	1630
NC_034443.1_orf:0_4	UniRef50_A0A0B5KXL1	41.555	2084	1168	20	51	2110	39	2096	0.0	1629
NC_034443.1_orf:0_4	UniRef50_Q06Z35	41.948	2074	1116	21	20	2073	11	2016	0.0	1601
NC_034443.1_orf:0_4	UniRef50_B2X7E0	41.570	2076	1160	22	26	2073	30	2080	0.0	1595
NC_034443.1_orf:1_1	UniRef50_A0A0D3R162	100.000	424	0	0	27	450	1	424	0.0	885
NC_034443.1_orf:1_1	UniRef50_Q0QBR9	51.124	356	174	0	92	447	5	360	1.61e-129	385
NC_034443.1_orf:1_1	UniRef50_A0A0B5KXT6	41.176	425	236	9	27	444	1	418	5.38e-102	317
NC_034443.1_orf:1_1	UniRef50_U5NEN0	38.005	421	249	6	31	444	8	423	1.84e-94	298
NC_034443.1_orf:1_1	UniRef50_A0A097A599	32.500	440	271	3	32	447	1	438	3.68e-82	267
NC_034443.1_orf:1_1	UniRef50_A0A096ZGU0	35.167	418	253	8	37	441	6	418	1.81e-75	249
NC_034443.1_orf:1_1	UniRef50_Q65474	33.491	424	264	4	37	444	6	427	2.30e-74	246
NC_034443.1_orf:1_1	UniRef50_Q4VKV8	33.333	426	274	6	27	444	1	424	1.90e-72	241
NC_034443.1_orf:1_1	UniRef50_A0A0D3R0W9	35.663	415	246	9	45	446	14	420	5.33e-72	240
NC_034443.1_orf:1_1	UniRef50_A0A0D3R128	33.565	432	265	6	37	450	6	433	6.19e-72	240
NC_034443.1_orf:1_2	UniRef50_A0A0D3R1H5	57.278	316	130	1	7	317	1	316	7.92e-128	374
NC_034443.1_orf:1_2	UniRef50_A0A0D3R1K7	33.333	210	132	4	111	317	96	300	1.02e-27	117
NC_034443.1_orf:1_2	UniRef50_A0A0B5KF64	23.985	271	183	5	50	317	14	264	7.42e-09	63.9
NC_034443.1_orf:1_2	UniRef50_A0A0B5KXQ1	24.891	229	153	5	94	316	73	288	6.13e-07	58.5
NC_034443.1_orf:1_2	UniRef50_A0A0D3R1L1	24.713	174	115	3	149	317	102	264	1.03e-05	54.7
NC_034443.1_orf:1_2	UniRef50_A0A0D3R1E9	25.668	187	124	6	134	317	80	254	7.64e-05	52.0
NC_034443.1_orf:1_3	UniRef50_A0A0D3R1G3	100.000	216	0	0	8	223	1	216	2.83e-161	451
NC_034443.1_orf:1_3	UniRef50_A0A0D3R172	46.561	189	97	3	31	219	25	209	6.86e-52	174
NC_034443.1_orf:1_3	UniRef50_A0A0B5KKD9	36.321	212	126	4	8	218	1	204	1.02e-37	137
NC_034443.1_orf:1_3	UniRef50_A0A0B5KF43	35.849	212	122	3	16	218	4	210	5.32e-31	120
NC_034443.1_orf:1_3	UniRef50_A0A0D3R1E8	29.384	211	143	2	8	218	1	205	1.13e-30	119
NC_034443.1_orf:1_3	UniRef50_A0A0D3R1N9	30.986	213	143	2	8	218	1	211	2.30e-25	105
NC_034443.1_orf:1_3	UniRef50_A0A0C4MIT7	28.796	191	127	3	5	195	1	182	4.33e-22	97.1
NC_034443.1_orf:1_3	UniRef50_U5NF19	33.766	154	100	2	45	198	31	182	2.51e-21	95.1
NC_034443.1_orf:1_3	UniRef50_A0A220FFJ0	28.049	164	118	0	57	220	47	210	8.54e-21	94.0
NC_034443.1_orf:1_3	UniRef50_A0A096ZGV3	24.889	225	144	6	8	218	1	214	4.82e-11	67.8
NC_034443.1_orf:1_4	UniRef50_A0A0D3R1C5	100.000	573	0	0	8	580	1	573	0.0	1198
NC_034443.1_orf:1_4	UniRef50_A0A0D3R131	52.400	500	222	3	31	530	32	515	0.0	570
NC_034443.1_orf:1_4	UniRef50_A0A0B5KRV5	36.179	492	305	6	56	547	20	502	7.28e-113	353
NC_034443.1_orf:1_4	UniRef50_A0A0D3R0Y9	33.398	518	338	5	62	579	32	542	9.10e-110	346
NC_034443.1_orf:1_4	UniRef50_A0A0D3R1P3	34.043	517	333	5	63	579	32	540	4.15e-106	337
NC_034443.1_orf:1_4	UniRef50_A0A0D3R1Y2	33.075	517	327	6	61	575	24	523	1.69e-91	298
NC_034443.1_orf:1_4	UniRef50_A0A0B5KKB0	32.079	505	321	8	61	559	38	526	6.72e-91	297
NC_034443.1_orf:1_4	UniRef50_A0A220F6X1	33.546	471	295	6	61	528	39	494	2.38e-86	285
NC_034443.1_orf:1_4	UniRef50_U5NI88	28.713	505	341	6	61	564	42	528	1.88e-77	262
NC_034443.1_orf:1_4	UniRef50_A0A0C4MKA3	28.782	476	318	7	61	532	43	501	1.50e-66	233
NC_035134.1_orf:0_1	UniRef50_A0A1Z2WQY7	100.000	3168	0	0	10	3177	1	3168	0.0	6650
NC_035134.1_orf:0_1	UniRef50_P13529	48.076	3145	1558	25	62	3177	43	3141	0.0	2926
NC_035134.1_orf:0_1	UniRef50_A0A0U3QM12	48.615	3032	1442	27	165	3177	139	3073	0.0	2864
NC_035134.1_orf:0_1	UniRef50_Q7T7N5	46.895	3156	1545	30	52	3175	211	3267	0.0	2845
NC_035134.1_orf:0_1	UniRef50_M4ZRS9	46.734	3062	1519	29	142	3177	187	3162	0.0	2836
NC_035134.1_orf:0_1	UniRef50_P89509	46.906	3070	1504	29	142	3177	187	3164	0.0	2826
NC_035134.1_orf:0_1	UniRef50_Q2MH09	46.997	3030	1487	30	166	3174	285	3216	0.0	2787
NC_035134.1_orf:0_1	UniRef50_E7CQR7	46.768	3032	1500	26	163	3177	250	3184	0.0	2783
NC_035134.1_orf:0_1	UniRef50_V9HWZ1	45.460	3216	1580	41	10	3174	1	3093	0.0	2770
NC_035134.1_orf:0_1	UniRef50_Q01901	45.576	3142	1594	35	55	3175	297	3343	0.0	2742
