NC_028811.1_orf:0_2	UniRef50_A0A096XNJ0	91.918	2685	214	3	4	2687	2299	4981	0.0	5263
NC_028811.1_orf:0_2	UniRef50_S5YAF0	79.777	2685	533	3	4	2687	4150	6825	0.0	4614
NC_028811.1_orf:0_2	UniRef50_P0C6X5	78.577	2684	571	2	4	2687	4050	6729	0.0	4553
NC_028811.1_orf:0_2	UniRef50_P0C6X1	78.162	2688	579	3	4	2687	4075	6758	0.0	4525
NC_028811.1_orf:0_2	UniRef50_Q98VG9	73.047	2675	707	6	15	2685	4043	6707	0.0	4193
NC_028811.1_orf:0_2	UniRef50_A0A096XNJ3	71.290	2689	761	5	1	2685	4065	6746	0.0	4083
NC_028811.1_orf:0_2	UniRef50_A0A240FW17	63.223	2681	967	9	6	2684	3661	6324	0.0	3610
NC_028811.1_orf:0_2	UniRef50_P0C6W5	55.519	2700	1149	20	3	2672	4239	6916	0.0	3127
NC_028811.1_orf:0_2	UniRef50_P0C6X7	55.601	2714	1157	19	3	2685	4376	7072	0.0	3099
NC_028811.1_orf:0_2	UniRef50_K9N7C7	56.241	2708	1144	22	3	2686	4383	7073	0.0	3091
NC_028811.1_orf:0_3	UniRef50_A0A0U1UYW5	100.000	219	0	0	14	232	1	219	2.29e-158	444
NC_028811.1_orf:0_3	UniRef50_Q91AV0	39.512	205	115	4	28	227	18	218	2.74e-38	139
NC_028811.1_orf:0_3	UniRef50_S5ZIX9	41.709	199	111	3	30	227	24	218	1.79e-36	135
NC_028811.1_orf:0_3	UniRef50_A8JNZ3	34.951	206	125	4	25	228	22	220	1.87e-36	135
NC_028811.1_orf:0_3	UniRef50_F1DAX7	36.275	204	123	4	27	229	19	216	4.20e-34	129
NC_028811.1_orf:0_3	UniRef50_A0A0U1WJW8	37.634	186	104	4	37	216	21	200	1.99e-33	126
NC_028811.1_orf:0_3	UniRef50_A0A0U2GMK5	34.715	193	124	2	28	218	19	211	7.52e-33	125
NC_028811.1_orf:0_3	UniRef50_Q6Q1S1	36.788	193	115	3	39	229	34	221	3.95e-29	116
NC_028811.1_orf:0_3	UniRef50_K4K2S1	34.337	166	107	1	54	219	39	202	2.34e-26	108
NC_028811.1_orf:0_3	UniRef50_A0A249JPV2	39.869	153	84	3	28	176	18	166	6.34e-26	107
NC_028811.1_orf:0_4	UniRef50_A0A0U1WHF1	100.000	429	0	0	2	430	1	429	0.0	877
NC_028811.1_orf:0_4	UniRef50_A0A1W5YKT5	79.677	433	84	3	2	430	1	433	0.0	656
NC_028811.1_orf:0_4	UniRef50_F1DAY0	45.098	408	185	11	2	404	1	374	6.42e-108	331
NC_028811.1_orf:0_4	UniRef50_K4JZT7	43.284	402	186	5	11	404	16	383	1.27e-100	312
NC_028811.1_orf:0_4	UniRef50_S5YAG0	46.049	367	173	6	2	363	1	347	1.95e-97	305
NC_028811.1_orf:0_4	UniRef50_B1PHJ9	42.593	432	202	9	2	430	1	389	4.40e-97	303
NC_028811.1_orf:0_4	UniRef50_A0A0U1WHF5	42.250	400	195	5	9	394	14	391	4.14e-96	302
NC_028811.1_orf:0_4	UniRef50_Q0Q099	43.418	433	222	7	2	427	1	417	5.21e-94	296
NC_028811.1_orf:0_4	UniRef50_Q0Q462	45.232	367	171	6	2	367	1	338	5.85e-84	270
NC_028811.1_orf:0_4	UniRef50_Q07499	44.474	380	195	6	2	367	1	378	4.29e-81	263
NC_028811.1_orf:1_1	UniRef50_A0A096XNJ0	83.833	2301	372	0	1682	3982	1	2301	0.0	4081
NC_028811.1_orf:1_1	UniRef50_P0C6V6	52.711	3430	1557	28	603	3990	711	4117	0.0	3651
NC_028811.1_orf:1_1	UniRef50_P0C6V6	43.002	593	334	4	2	593	1	590	2.70e-133	483
NC_028811.1_orf:1_1	UniRef50_P0C6X5	52.801	3392	1537	23	603	3982	713	4052	0.0	3599
NC_028811.1_orf:1_1	UniRef50_P0C6X5	43.220	590	332	3	2	590	1	588	1.62e-132	480
NC_028811.1_orf:1_1	UniRef50_P0C6U2	51.674	3464	1548	31	585	3990	690	4085	0.0	3596
NC_028811.1_orf:1_1	UniRef50_P0C6U2	44.426	592	325	4	2	591	1	590	8.96e-144	517
NC_028811.1_orf:1_1	UniRef50_P0C6X1	51.591	3456	1547	31	585	3982	690	4077	0.0	3582
NC_028811.1_orf:1_1	UniRef50_P0C6X1	44.426	592	325	4	2	591	1	590	9.67e-144	518
NC_028811.1_orf:1_1	UniRef50_S5Z1D1	51.224	3471	1599	32	598	3990	706	4160	0.0	3549
NC_028811.1_orf:1_1	UniRef50_S5Z1D1	44.182	593	327	4	2	594	1	589	5.57e-141	508
NC_028811.1_orf:1_1	UniRef50_A8JNZ1	51.396	3403	1581	24	605	3990	713	4059	0.0	3535
NC_028811.1_orf:1_1	UniRef50_A8JNZ1	45.381	617	332	4	2	618	1	612	7.99e-150	537
NC_028811.1_orf:1_1	UniRef50_S5YAF0	51.141	3463	1598	32	598	3982	706	4152	0.0	3531
NC_028811.1_orf:1_1	UniRef50_S5YAF0	44.182	593	327	4	2	594	1	589	1.03e-140	508
NC_028811.1_orf:1_1	UniRef50_A0A0U2GN93	54.666	3086	1321	28	958	3990	1030	4090	0.0	3420
NC_028811.1_orf:1_1	UniRef50_A0A0U2GN93	45.270	592	320	4	2	591	1	590	3.38e-146	525
NC_028811.1_orf:1_1	UniRef50_A0A0U2GN93	36.213	301	185	6	591	885	696	995	2.24e-54	222
NC_028811.1_orf:1_1	UniRef50_B1PHK1	53.854	3127	1335	29	943	3990	1134	4231	0.0	3413
NC_028811.1_orf:1_1	UniRef50_B1PHK1	43.486	591	328	6	2	590	1	587	1.37e-141	510
NC_028811.1_orf:1_1	UniRef50_B1PHK1	34.106	302	181	6	587	880	693	984	3.39e-45	191
NC_028811.1_orf:1_11	UniRef50_A0A1W5YKT3	83.489	1393	224	5	4	1392	5	1395	0.0	2401
NC_028811.1_orf:1_11	UniRef50_F1DB14	61.731	1398	500	16	10	1392	6	1383	0.0	1730
NC_028811.1_orf:1_11	UniRef50_B1PHK2	51.310	1374	611	22	34	1392	45	1375	0.0	1361
NC_028811.1_orf:1_11	UniRef50_A0A0U1UZD0	48.619	1376	656	21	35	1392	1	1343	0.0	1295
NC_028811.1_orf:1_11	UniRef50_S5YNL4	50.729	1372	620	23	37	1392	33	1364	0.0	1257
NC_028811.1_orf:1_11	UniRef50_Q0Q466	48.463	1399	647	34	22	1392	19	1371	0.0	1206
NC_028811.1_orf:1_11	UniRef50_Q91AV1	47.428	1419	661	33	13	1392	11	1383	0.0	1167
NC_028811.1_orf:1_11	UniRef50_P15423	49.620	1183	551	18	220	1392	26	1173	0.0	1137
NC_028811.1_orf:1_11	UniRef50_S5YGT1	48.859	1183	557	19	220	1392	26	1170	0.0	1104
NC_028811.1_orf:1_11	UniRef50_A4ULL0	45.340	1352	636	27	37	1356	37	1317	0.0	1079
NC_028811.1_orf:1_12	UniRef50_P19741	53.521	71	33	0	47	117	1	71	1.97e-21	88.2
NC_028811.1_orf:1_12	UniRef50_A0A0U1UYX1	49.296	71	36	0	47	117	1	71	1.00e-14	71.2
NC_028811.1_orf:1_12	UniRef50_Q84706	50.000	70	35	0	48	117	1	70	1.40e-11	63.2
NC_028811.1_orf:1_12	UniRef50_A0A1L7HIW4	36.232	69	44	0	49	117	6	74	1.39e-08	55.5
NC_028811.1_orf:1_13	UniRef50_P15422	54.464	224	99	1	5	228	3	223	5.65e-80	246
NC_028811.1_orf:1_13	UniRef50_A0A1L7HJ65	54.751	221	98	2	10	229	28	247	1.10e-79	246
NC_028811.1_orf:1_13	UniRef50_P04135	47.162	229	118	3	3	229	34	261	2.39e-68	218
NC_028811.1_orf:1_13	UniRef50_A0A0K2SF30	45.413	218	117	2	13	229	48	264	5.40e-67	214
NC_028811.1_orf:1_13	UniRef50_A0A077ER14	45.894	207	110	2	24	229	1	206	6.83e-62	199
NC_028811.1_orf:1_13	UniRef50_V5R662	50.000	130	65	0	82	211	6	135	1.04e-38	137
NC_028811.1_orf:1_13	UniRef50_A8VLQ7	63.830	94	34	0	37	130	1	94	1.85e-37	133
NC_028811.1_orf:1_13	UniRef50_P03415	37.438	203	120	3	14	214	18	215	2.19e-36	135
NC_028811.1_orf:1_13	UniRef50_A0A0B5IY73	58.333	120	50	0	110	229	1	120	4.24e-35	128
NC_028811.1_orf:1_13	UniRef50_L7QCU7	38.095	168	102	1	19	186	1	166	4.47e-34	127
