NC_034499.1_orf:2_1	UniRef50_A0A088MSL5	58.987	2270	905	7	8	2254	1	2267	0.0	2815
NC_034499.1_orf:2_1	UniRef50_Q8JPR2	58.722	2270	908	10	8	2255	1	2263	0.0	2781
NC_034499.1_orf:2_1	UniRef50_E5EZ39	58.447	2267	919	8	8	2255	1	2263	0.0	2762
NC_034499.1_orf:2_1	UniRef50_A0A0R7FK50	50.820	2255	1086	10	8	2254	1	2240	0.0	2335
NC_034499.1_orf:2_1	UniRef50_H2AM11	50.575	2260	1097	12	8	2254	1	2253	0.0	2292
NC_034499.1_orf:2_1	UniRef50_A0A0E3TUA1	49.288	2248	1100	16	8	2244	1	2219	0.0	2229
NC_034499.1_orf:2_1	UniRef50_U3RF03	48.873	2263	1115	20	10	2254	2	2240	0.0	2218
NC_034499.1_orf:2_1	UniRef50_G4Y818	55.593	1761	769	8	22	1780	1	1750	0.0	2033
NC_034499.1_orf:2_1	UniRef50_A0A0H4LIW4	61.144	1503	557	8	262	1743	1	1497	0.0	1920
NC_034499.1_orf:2_1	UniRef50_A0A088NCM7	44.628	2178	1179	12	8	2182	1	2154	0.0	1858
NC_034499.1_orf:4_4	UniRef50_Q83000	57.143	56	24	0	2	57	13	68	1.74e-09	57.0
NC_034499.1_orf:4_5	UniRef50_Q83000	52.174	46	22	0	11	56	92	137	2.83e-05	46.2
NC_034498.1_orf:0_1	UniRef50_A0A0H3VFU2	85.577	104	15	0	1	104	2	105	1.14e-54	172
NC_034498.1_orf:0_1	UniRef50_W8CZ95	96.386	83	3	0	22	104	1	83	4.74e-49	157
NC_034498.1_orf:0_1	UniRef50_A0A0H3VH48	48.837	86	44	0	7	92	8	93	4.78e-12	64.3
NC_034498.1_orf:0_1	UniRef50_A0A142K3J9	36.170	94	60	0	7	100	8	101	1.49e-07	53.1
NC_034498.1_orf:2_1	UniRef50_W8CZV1	94.468	235	13	0	3	237	1	235	2.01e-168	470
NC_034498.1_orf:2_1	UniRef50_A0A0U2IVZ1	86.034	179	25	0	59	237	1	179	6.82e-115	333
NC_034498.1_orf:2_1	UniRef50_A0A088MG55	48.402	219	111	1	20	236	15	233	2.51e-68	217
NC_034498.1_orf:2_1	UniRef50_Q82984	46.154	221	116	1	19	236	14	234	7.77e-66	211
NC_034498.1_orf:2_1	UniRef50_Q98750	46.606	221	115	1	19	236	14	234	9.40e-65	207
NC_034498.1_orf:2_1	UniRef50_P04873	44.796	221	119	1	19	236	14	234	1.19e-63	205
NC_034498.1_orf:2_1	UniRef50_A0A142K3K3	47.186	231	122	0	5	235	4	234	3.19e-63	204
NC_034498.1_orf:2_1	UniRef50_P16495	42.478	226	128	1	13	236	8	233	1.10e-59	195
NC_034498.1_orf:2_1	UniRef50_P16993	40.969	227	132	1	12	236	7	233	4.26e-58	191
NC_034498.1_orf:2_1	UniRef50_H2AM13	42.466	219	125	1	19	236	15	233	4.54e-56	186
NC_034497.1_orf:0_1	UniRef50_Q8JPR2	52.075	2241	1043	11	15	2230	7	2241	0.0	2399
NC_034497.1_orf:0_1	UniRef50_E5EZ39	51.695	2242	1050	11	15	2230	7	2241	0.0	2378
NC_034497.1_orf:0_1	UniRef50_H2AM11	50.316	2216	1089	8	14	2220	6	2218	0.0	2310
NC_034497.1_orf:0_1	UniRef50_A0A088MSL5	50.535	2242	1081	10	15	2230	7	2246	0.0	2285
NC_034497.1_orf:0_1	UniRef50_U3RF03	47.766	2238	1137	19	10	2233	1	2220	0.0	2148
NC_034497.1_orf:0_1	UniRef50_A0A0E3TUA1	47.810	2215	1122	16	15	2219	7	2197	0.0	2114
NC_034497.1_orf:0_1	UniRef50_A0A0R7FK50	46.601	2236	1174	15	15	2242	7	2230	0.0	2076
NC_034497.1_orf:0_1	UniRef50_G4Y818	54.499	1756	779	10	29	1776	7	1750	0.0	1956
NC_034497.1_orf:0_1	UniRef50_A0A088NCM7	44.011	2204	1204	16	14	2212	6	2184	0.0	1868
NC_034497.1_orf:0_1	UniRef50_A0A0H4LIW4	57.849	1497	611	5	263	1739	1	1497	0.0	1803
NC_034497.1_orf:3_2	UniRef50_Q83000	48.438	64	33	0	51	114	4	67	3.04e-04	45.4
NC_034497.1_orf:3_8	UniRef50_Q82999	50.575	87	42	1	2	87	105	191	3.49e-11	66.2
NC_034496.1_orf:0_1	UniRef50_A0A0H3VH48	79.048	105	22	0	13	117	1	105	7.53e-43	143
NC_034496.1_orf:0_1	UniRef50_W8CZH3	82.258	62	11	0	56	117	1	62	1.50e-20	85.5
NC_034496.1_orf:0_1	UniRef50_A0A0H3VFU2	50.538	93	46	0	13	105	1	93	1.22e-15	73.9
NC_034496.1_orf:0_1	UniRef50_W8CZ95	55.263	76	34	0	37	112	3	78	1.06e-11	63.5
NC_034496.1_orf:2_1	UniRef50_W8CZV1	73.191	235	63	0	4	238	1	235	6.99e-130	373
NC_034496.1_orf:2_1	UniRef50_A0A0U2IVZ1	75.419	179	44	0	60	238	1	179	9.56e-99	292
NC_034496.1_orf:2_1	UniRef50_A0A142K3K3	50.439	228	113	0	9	236	7	234	2.54e-72	227
NC_034496.1_orf:2_1	UniRef50_A0A088MG55	49.153	236	115	3	4	237	1	233	7.33e-72	226
NC_034496.1_orf:2_1	UniRef50_Q82984	43.913	230	124	2	11	237	7	234	1.97e-65	209
NC_034496.1_orf:2_1	UniRef50_P04873	44.783	230	122	2	11	237	7	234	6.33e-64	206
NC_034496.1_orf:2_1	UniRef50_Q98750	44.783	230	122	2	11	237	7	234	1.31e-63	205
NC_034496.1_orf:2_1	UniRef50_Q6KC67	41.558	231	132	2	10	237	3	233	2.73e-58	191
NC_034496.1_orf:2_1	UniRef50_P16495	42.152	223	127	1	17	237	11	233	6.88e-58	190
NC_034496.1_orf:2_1	UniRef50_P12414	41.629	221	128	1	18	237	13	233	7.51e-58	190
NC_034495.1_orf:0_1	UniRef50_Q8JPR2	51.227	2241	1062	11	19	2234	7	2241	0.0	2355
NC_034495.1_orf:0_1	UniRef50_E5EZ39	51.383	2242	1057	11	19	2234	7	2241	0.0	2350
NC_034495.1_orf:0_1	UniRef50_H2AM11	51.379	2211	1061	8	24	2224	12	2218	0.0	2324
NC_034495.1_orf:0_1	UniRef50_A0A088MSL5	50.823	2247	1067	12	19	2234	7	2246	0.0	2302
NC_034495.1_orf:0_1	UniRef50_A0A0E3TUA1	48.826	2257	1099	20	19	2252	7	2230	0.0	2158
NC_034495.1_orf:0_1	UniRef50_U3RF03	48.211	2236	1122	21	18	2237	5	2220	0.0	2126
NC_034495.1_orf:0_1	UniRef50_A0A0R7FK50	47.385	2237	1155	15	19	2246	7	2230	0.0	2092
NC_034495.1_orf:0_1	UniRef50_G4Y818	53.439	1759	803	10	27	1779	1	1749	0.0	1932
NC_034495.1_orf:0_1	UniRef50_A0A088NCM7	44.354	2205	1195	17	18	2216	6	2184	0.0	1872
NC_034495.1_orf:0_1	UniRef50_A0A0H4LIW4	56.600	1500	625	5	267	1743	1	1497	0.0	1770
NC_034495.1_orf:4_5	UniRef50_Q83000	55.556	63	28	0	3	65	13	75	4.53e-08	53.5
NC_034495.1_orf:4_9	UniRef50_Q82999	51.220	82	40	0	31	112	3	84	5.56e-10	62.0
NC_034493.1_orf:0_1	UniRef50_W8CZV3	53.003	1432	661	10	13	1437	3	1429	0.0	1555
NC_034493.1_orf:0_1	UniRef50_S5WLZ1	51.431	1433	676	13	13	1432	5	1430	0.0	1547
NC_034493.1_orf:0_1	UniRef50_A0A0R7FK92	33.495	1439	910	21	13	1423	1	1420	0.0	879
NC_034493.1_orf:0_1	UniRef50_Q9IBP4	34.015	1467	892	23	13	1433	1	1437	0.0	868
NC_034493.1_orf:0_1	UniRef50_H6U325	34.594	1454	880	30	12	1433	2	1416	0.0	855
NC_034493.1_orf:0_1	UniRef50_A0A142J8F3	33.676	1458	885	28	12	1426	2	1420	0.0	842
NC_034493.1_orf:0_1	UniRef50_A0A0E3TUJ1	33.772	1445	896	25	12	1433	8	1414	0.0	836
NC_034493.1_orf:0_1	UniRef50_P04875	33.106	1465	909	25	13	1433	1	1438	0.0	828
NC_034493.1_orf:0_1	UniRef50_A0A142J8G0	33.702	1448	882	23	15	1413	4	1422	0.0	823
NC_034493.1_orf:0_1	UniRef50_A0A0R7FK51	33.492	1466	891	26	14	1432	6	1434	0.0	822
NC_034492.1_orf:1_1	UniRef50_A0A088MSL5	96.737	2268	74	0	4	2271	1	2268	0.0	4585
NC_034492.1_orf:1_1	UniRef50_Q8JPR2	55.722	2272	991	8	4	2270	1	2262	0.0	2674
NC_034492.1_orf:1_1	UniRef50_E5EZ39	55.707	2269	996	8	4	2270	1	2262	0.0	2664
NC_034492.1_orf:1_1	UniRef50_U3RF03	49.824	2268	1098	18	4	2266	1	2233	0.0	2266
NC_034492.1_orf:1_1	UniRef50_A0A0E3TUA1	49.512	2256	1095	12	4	2256	1	2215	0.0	2211
NC_034492.1_orf:1_1	UniRef50_H2AM11	48.589	2268	1128	15	15	2270	12	2253	0.0	2206
NC_034492.1_orf:1_1	UniRef50_A0A0R7FK50	47.887	2272	1147	11	4	2270	1	2240	0.0	2204
NC_034492.1_orf:1_1	UniRef50_G4Y818	54.576	1781	774	9	18	1794	1	1750	0.0	1976
NC_034492.1_orf:1_1	UniRef50_A0A0H4LIW4	58.722	1502	613	6	258	1757	1	1497	0.0	1857
NC_034492.1_orf:1_1	UniRef50_A0A088NCM7	43.451	2214	1180	20	4	2201	1	2158	0.0	1798
NC_034492.1_orf:5_10	UniRef50_Q82999	47.706	109	55	2	26	133	83	190	4.81e-15	75.9
NC_034491.1_orf:0_1	UniRef50_A0A088MG36	56.846	1446	603	9	2	1433	7	1445	0.0	1735
NC_034491.1_orf:0_1	UniRef50_Q9IBP4	40.498	1447	823	17	3	1425	1	1433	0.0	1093
NC_034491.1_orf:0_1	UniRef50_P04875	39.645	1410	806	16	3	1384	1	1393	0.0	1083
NC_034491.1_orf:0_1	UniRef50_A0A088MJ16	39.819	1439	822	18	3	1428	4	1411	0.0	1052
NC_034491.1_orf:0_1	UniRef50_A0A142J8G0	39.498	1433	826	18	4	1409	4	1422	0.0	1050
NC_034491.1_orf:0_1	UniRef50_P04505	39.084	1397	822	19	2	1384	4	1385	0.0	1047
NC_034491.1_orf:0_1	UniRef50_A0A142J8F3	38.390	1404	822	19	1	1384	2	1382	0.0	1032
NC_034491.1_orf:0_1	UniRef50_H6U325	38.318	1451	829	26	2	1425	1	1412	0.0	1011
NC_034491.1_orf:0_1	UniRef50_A0A088MFQ0	39.691	1426	801	25	15	1422	20	1404	0.0	997
NC_034491.1_orf:0_1	UniRef50_A0A1X9JT56	38.781	1444	839	22	1	1428	2	1416	0.0	980
