NC_018093.1_orf:2_2	UniRef50_UPI000B92BC25	100.000	229	0	0	2	230	373	601	3.16e-167	481
NC_018093.1_orf:2_2	UniRef50_A0A0Y0I434	29.825	228	160	0	3	230	1	228	2.53e-23	100
NC_018093.1_orf:2_2	UniRef50_A0A0Y0DZ05	31.489	235	134	7	7	230	5	223	1.59e-21	96.3
NC_018093.1_orf:2_2	UniRef50_A0A1D8RAA7	33.186	226	142	7	7	230	5	223	4.53e-20	92.4
NC_018093.1_orf:2_3	UniRef50_UPI000B9277D3	87.143	70	9	0	7	76	147	216	5.54e-36	127
NC_018093.1_orf:2_3	UniRef50_A0A109QQS8	50.847	59	29	0	18	76	1	59	2.76e-14	67.8
NC_018093.1_orf:2_3	UniRef50_A0A0Y0H5T4	33.898	59	39	0	18	76	1	59	2.49e-05	45.1
NC_018093.1_orf:2_3	UniRef50_UPI0002655001	41.509	53	31	0	18	70	1	53	4.98e-05	45.1
NC_018093.1_orf:2_3	UniRef50_A0A0B4VMW2	45.283	53	25	1	16	68	3	51	1.87e-04	42.7
NC_018093.1_orf:2_3	UniRef50_P0CJ94	36.111	72	42	1	8	75	914	985	7.96e-04	43.9
NC_001841.1_orf:0_1	UniRef50_P13529	53.797	3121	1394	22	439	3531	41	3141	0.0	3336
NC_001841.1_orf:0_1	UniRef50_M4ZRS9	53.856	3034	1328	18	521	3531	178	3162	0.0	3310
NC_001841.1_orf:0_1	UniRef50_P89509	54.158	3030	1327	17	521	3531	178	3164	0.0	3296
NC_001841.1_orf:0_1	UniRef50_A0A0U3QM12	52.755	3031	1354	22	516	3531	106	3073	0.0	3256
NC_001841.1_orf:0_1	UniRef50_A0A0K1LYF0	51.022	3083	1431	22	462	3531	157	3173	0.0	3144
NC_001841.1_orf:0_1	UniRef50_E7CQR7	51.083	3093	1419	23	460	3531	165	3184	0.0	3136
NC_001841.1_orf:0_1	UniRef50_V9HWZ1	49.889	3147	1474	25	418	3528	14	3093	0.0	3132
NC_001841.1_orf:0_1	UniRef50_A0A1W5T6Y6	51.043	3021	1408	15	516	3528	276	3233	0.0	3103
NC_001841.1_orf:0_1	UniRef50_P89876	48.467	3229	1533	26	372	3532	90	3255	0.0	3085
NC_001841.1_orf:0_1	UniRef50_A0A096XIR1	50.469	3091	1443	22	463	3529	56	3082	0.0	3066
NC_001841.1_orf:2_1	UniRef50_A0A0Y0DZ05	97.391	230	6	0	20	249	1	230	1.48e-165	463
NC_001841.1_orf:2_1	UniRef50_A0A1D8RAA7	40.000	230	138	0	20	249	1	230	3.35e-49	168
NC_001841.1_orf:2_1	UniRef50_UPI000B92BC25	30.932	236	146	4	18	242	372	601	9.01e-20	95.9
NC_001841.1_orf:2_1	UniRef50_A0A0Y0I434	29.245	212	143	3	35	242	20	228	1.19e-16	84.0
NC_001841.1_orf:2_2	UniRef50_A0A0Y0H5T4	100.000	66	0	0	5	70	1	66	4.41e-43	140
NC_001841.1_orf:2_2	UniRef50_A0A109QQS8	50.000	60	30	0	5	64	1	60	5.67e-14	66.6
NC_001841.1_orf:2_2	UniRef50_UPI0002651313	41.379	58	34	0	6	63	2	59	1.10e-06	48.1
NC_001841.1_orf:2_2	UniRef50_UPI000B9277D3	35.000	60	39	0	4	63	157	216	1.98e-05	47.8
NC_002598.1_orf:0_2	UniRef50_P90335	100.000	73	0	0	17	89	1	73	1.03e-45	148
NC_002598.1_orf:0_2	UniRef50_S4WBZ6	72.603	73	20	0	17	89	1	73	7.91e-30	107
NC_002598.1_orf:1_1	UniRef50_P89034	100.000	425	0	0	10	434	1	425	0.0	885
NC_002598.1_orf:1_1	UniRef50_A0A1J0F549	40.909	154	90	1	274	426	8	161	8.16e-32	130
NC_002598.1_orf:1_1	UniRef50_P11640	31.395	258	158	5	181	426	181	431	2.14e-30	132
NC_002598.1_orf:1_1	UniRef50_A0A1L3KG87	26.570	207	126	6	212	414	56	240	2.94e-10	68.9
NC_002598.1_orf:1_1	UniRef50_Q9DJV5	29.487	156	105	2	261	414	73	225	4.84e-10	67.8
NC_002598.1_orf:1_1	UniRef50_Q9J5U7	30.128	156	104	2	261	414	73	225	3.21e-09	67.8
NC_002598.1_orf:1_1	UniRef50_P17460	31.579	133	90	1	297	428	113	245	3.50e-09	67.8
NC_002598.1_orf:1_1	UniRef50_P22958	36.508	126	62	5	264	385	59	170	8.96e-08	63.2
NC_002598.1_orf:1_1	UniRef50_A0A172ML45	33.333	135	72	4	264	394	59	179	1.99e-07	59.3
NC_002598.1_orf:1_1	UniRef50_B7U995	28.662	157	97	4	284	434	80	227	8.39e-07	60.1
