NC_035183.1_orf:1_1	UniRef50_A0A220IGT1	99.965	2895	1	0	3	2897	1	2895	0.0	5999
NC_035183.1_orf:1_1	UniRef50_F1KPM8	43.316	2364	1280	27	578	2897	775	3122	0.0	1897
NC_035183.1_orf:1_1	UniRef50_F1KPM8	27.642	123	88	1	112	234	73	194	3.52e-08	68.9
NC_035183.1_orf:1_1	UniRef50_A0A166HR72	42.707	2290	1210	31	596	2836	680	2916	0.0	1811
NC_035183.1_orf:1_1	UniRef50_A0A166HQY9	43.044	1531	845	16	582	2099	740	2256	0.0	1234
NC_035183.1_orf:1_1	UniRef50_A0A166HQY9	43.681	815	423	12	2093	2896	2336	3125	0.0	665
NC_035183.1_orf:1_1	UniRef50_A0A166HQY9	30.579	121	83	1	112	232	34	153	1.40e-10	77.0
NC_035183.1_orf:1_1	UniRef50_F1KSN9	44.636	1277	629	25	1674	2897	3	1254	0.0	1043
NC_035183.1_orf:1_1	UniRef50_A0A1L3KKX4	32.576	1409	820	37	1315	2640	1072	2433	0.0	640
NC_035183.1_orf:1_1	UniRef50_A0A1L3KKX4	24.635	548	390	13	731	1262	203	743	4.48e-33	150
NC_035183.1_orf:1_1	UniRef50_A0A1L3KKX4	27.126	247	141	12	2640	2871	2560	2782	1.98e-05	59.7
NC_035183.1_orf:1_1	UniRef50_F1KZ33	43.338	743	403	9	1229	1960	2	737	0.0	600
NC_035183.1_orf:1_1	UniRef50_A0A1L3KJH1	32.984	1337	779	40	1363	2618	1099	2399	1.93e-174	612
NC_035183.1_orf:1_1	UniRef50_A0A1L3KJH1	29.286	420	278	11	857	1265	358	769	1.06e-36	162
NC_035183.1_orf:1_1	UniRef50_A0A1L3KJH1	28.745	247	133	13	2639	2871	2558	2775	1.50e-07	67.0
NC_035183.1_orf:1_1	UniRef50_A0A1L6C370	31.328	1363	821	32	1333	2618	1259	2583	6.49e-171	601
NC_035183.1_orf:1_1	UniRef50_A0A1L6C370	25.458	546	359	14	749	1260	266	797	9.06e-43	182
NC_035183.1_orf:1_1	UniRef50_A0A1L6C370	24.815	270	169	6	2612	2871	2706	2951	2.31e-09	72.8
NC_035183.1_orf:1_1	UniRef50_A0A1L6C355	30.974	1427	861	37	1251	2617	1292	2654	2.12e-167	590
NC_035183.1_orf:1_1	UniRef50_A0A1L6C355	28.343	501	324	14	786	1262	434	923	3.04e-42	181
NC_035183.1_orf:1_1	UniRef50_A0A1L6C355	25.926	270	143	10	2634	2871	2785	3029	7.08e-07	64.7
NC_035182.1_orf:0_1	UniRef50_A0A220IGT1	82.037	2828	508	0	40	2867	68	2895	0.0	4964
NC_035182.1_orf:0_1	UniRef50_F1KPM8	43.416	2377	1273	34	536	2867	773	3122	0.0	1891
NC_035182.1_orf:0_1	UniRef50_F1KPM8	30.894	123	84	1	82	204	73	194	5.53e-10	74.7
NC_035182.1_orf:0_1	UniRef50_A0A166HR72	42.013	2285	1212	31	566	2797	680	2904	0.0	1762
NC_035182.1_orf:0_1	UniRef50_A0A166HQY9	42.857	1540	835	18	552	2069	740	2256	0.0	1225
NC_035182.1_orf:0_1	UniRef50_A0A166HQY9	45.856	748	391	9	2130	2866	2381	3125	0.0	666
NC_035182.1_orf:0_1	UniRef50_A0A166HQY9	30.579	121	83	1	82	202	34	153	1.18e-10	77.0
NC_035182.1_orf:0_1	UniRef50_F1KSN9	43.770	1268	653	20	1644	2867	3	1254	0.0	1009
NC_035182.1_orf:0_1	UniRef50_F1KZ33	43.240	747	398	11	1199	1930	2	737	0.0	595
NC_035182.1_orf:0_1	UniRef50_A0A1L3KKX4	32.286	1400	820	38	1285	2601	1072	2426	2.95e-180	629
NC_035182.1_orf:0_1	UniRef50_A0A1L3KKX4	24.185	583	398	14	694	1242	196	768	2.69e-31	145
NC_035182.1_orf:0_1	UniRef50_A0A1L3KKX4	29.150	247	136	13	2610	2841	2560	2782	9.36e-06	60.8
NC_035182.1_orf:0_1	UniRef50_A0A1L3KJH1	32.260	1336	790	42	1333	2588	1099	2399	2.76e-170	598
NC_035182.1_orf:0_1	UniRef50_A0A1L3KJH1	29.310	464	286	16	827	1272	358	797	7.56e-37	163
NC_035182.1_orf:0_1	UniRef50_A0A1L3KJH1	29.461	241	127	13	2615	2841	2564	2775	3.38e-09	72.4
NC_035182.1_orf:0_1	UniRef50_A0A1L6C355	30.635	1433	858	36	1221	2587	1292	2654	7.56e-166	585
NC_035182.1_orf:0_1	UniRef50_A0A1L6C355	28.174	575	367	20	684	1232	369	923	6.07e-42	180
NC_035182.1_orf:0_1	UniRef50_A0A1L6C355	26.136	264	150	10	2604	2841	2785	3029	2.12e-06	63.2
NC_035182.1_orf:0_1	UniRef50_A0A1L6C370	31.086	1335	793	34	1335	2588	1295	2583	1.92e-164	580
NC_035182.1_orf:0_1	UniRef50_A0A1L6C370	26.471	578	378	16	689	1239	254	811	1.65e-42	182
NC_035182.1_orf:0_1	UniRef50_A0A1L6C370	26.136	264	173	6	2582	2841	2706	2951	4.97e-10	75.1
