NC_025480.2_orf:2_1	UniRef50_A0A0A0P3S7	100.000	202	0	0	7	208	1	202	2.00e-146	412
NC_025480.2_orf:2_1	UniRef50_S5MZG4	42.593	216	105	4	7	208	1	211	1.81e-49	167
NC_025480.2_orf:2_1	UniRef50_J9PD86	29.612	206	117	4	7	204	1	186	3.40e-19	88.6
NC_025480.2_orf:2_1	UniRef50_A1XIQ0	29.756	205	118	3	7	205	1	185	9.44e-17	82.0
NC_025480.2_orf:2_1	UniRef50_A0A140H460	29.518	166	104	3	7	167	1	158	1.24e-10	66.6
NC_027927.1_orf:0_1	UniRef50_J9PD86	64.021	189	68	0	42	230	1	189	6.09e-79	242
NC_027927.1_orf:0_1	UniRef50_A1XIQ0	61.905	189	70	1	42	230	1	187	2.13e-73	228
NC_027927.1_orf:0_1	UniRef50_A0A0A0P3S7	38.655	119	72	1	42	160	1	118	6.72e-17	83.6
NC_027927.1_orf:0_1	UniRef50_S5MZG4	29.940	167	113	3	42	208	1	163	1.43e-09	63.9
NC_027927.1_orf:0_1	UniRef50_A0A140H460	32.653	98	64	2	42	139	1	96	2.03e-07	58.2
NC_027927.1_orf:1_1	UniRef50_A1XIQ1	69.276	1201	350	9	3	1190	2	1196	0.0	1769
NC_027927.1_orf:1_1	UniRef50_A0N0G4	89.103	780	85	0	413	1192	1	780	0.0	1502
NC_027927.1_orf:1_1	UniRef50_A0A0A0P522	40.479	751	426	6	442	1192	428	1157	0.0	603
NC_027927.1_orf:1_1	UniRef50_A0A0A0P522	35.577	312	177	12	3	305	5	301	4.02e-36	157
NC_027927.1_orf:1_1	UniRef50_S5MGH5	40.608	724	412	4	466	1183	493	1204	0.0	592
NC_027927.1_orf:1_1	UniRef50_S5MGH5	34.932	292	176	8	1	284	20	305	9.08e-37	160
NC_027927.1_orf:1_1	UniRef50_A0A097IAK0	41.066	694	396	4	501	1191	501	1184	0.0	585
NC_027927.1_orf:1_1	UniRef50_A0A097IAK0	36.559	279	164	8	5	277	25	296	2.91e-38	165
NC_027927.1_orf:1_1	UniRef50_A0A140H461	38.222	675	392	8	520	1179	376	1040	4.02e-154	496
NC_027927.1_orf:1_1	UniRef50_A0A140H461	37.104	221	135	3	13	230	12	231	1.38e-32	146
NC_027927.1_orf:1_1	UniRef50_G8IFC1	80.377	265	52	0	413	677	1	265	6.86e-150	457
NC_027927.1_orf:1_1	UniRef50_V9PRN1	38.372	602	359	4	512	1109	380	973	2.34e-138	452
NC_027927.1_orf:1_1	UniRef50_V9PRN1	32.065	184	113	4	119	302	2	173	1.78e-19	103
NC_027927.1_orf:1_1	UniRef50_A0A060AF27	85.380	171	25	0	621	791	1	171	8.65e-100	321
NC_027927.1_orf:1_1	UniRef50_D8V5V9	71.585	183	52	0	992	1174	1	183	1.32e-91	299
NC_013076.1_orf:0_1	UniRef50_J9PD86	65.079	189	61	1	6	189	1	189	1.36e-83	252
NC_013076.1_orf:0_1	UniRef50_A1XIQ0	61.497	187	69	1	6	189	1	187	9.69e-78	237
NC_013076.1_orf:0_1	UniRef50_A0A0A0P3S7	34.483	145	85	2	6	150	1	135	9.97e-18	84.3
NC_013076.1_orf:0_1	UniRef50_S5MZG4	26.190	210	125	5	6	187	1	208	4.43e-10	64.3
NC_013076.1_orf:0_1	UniRef50_A0A140H460	32.653	98	64	2	6	103	1	96	1.30e-07	57.8
NC_013076.1_orf:1_1	UniRef50_A1XIQ1	69.677	1207	344	10	21	1216	2	1197	0.0	1767
NC_013076.1_orf:1_1	UniRef50_A0N0G4	82.868	788	126	1	430	1217	2	780	0.0	1400
NC_013076.1_orf:1_1	UniRef50_A0A0A0P522	42.248	703	388	5	521	1214	461	1154	0.0	600
NC_013076.1_orf:1_1	UniRef50_A0A0A0P522	35.401	274	169	7	33	302	18	287	6.94e-36	157
NC_013076.1_orf:1_1	UniRef50_S5MGH5	40.690	725	412	4	490	1208	492	1204	0.0	594
NC_013076.1_orf:1_1	UniRef50_S5MGH5	34.014	294	180	8	19	304	20	307	1.35e-34	153
NC_013076.1_orf:1_1	UniRef50_A0A097IAK0	41.717	664	382	2	545	1208	523	1181	0.0	583
NC_013076.1_orf:1_1	UniRef50_A0A097IAK0	36.429	280	165	8	22	295	24	296	6.70e-38	164
NC_013076.1_orf:1_1	UniRef50_A0A140H461	37.946	672	398	8	545	1204	376	1040	2.78e-153	494
NC_013076.1_orf:1_1	UniRef50_A0A140H461	36.199	221	137	3	31	248	12	231	3.21e-31	142
NC_013076.1_orf:1_1	UniRef50_V9PRN1	38.308	603	356	5	538	1134	381	973	3.44e-140	457
NC_013076.1_orf:1_1	UniRef50_V9PRN1	33.696	184	110	4	137	320	2	173	3.33e-22	112
NC_013076.1_orf:1_1	UniRef50_G8IFC1	70.696	273	71	2	430	702	2	265	3.03e-130	406
NC_013076.1_orf:1_1	UniRef50_A0A060AF27	85.965	171	24	0	646	816	1	171	2.02e-100	323
NC_013076.1_orf:1_1	UniRef50_D8V5V9	72.131	183	51	0	1017	1199	1	183	2.25e-90	296
NC_010988.1_orf:0_1	UniRef50_J9PD86	63.351	191	67	2	16	205	1	189	6.40e-78	238
NC_010988.1_orf:0_1	UniRef50_A1XIQ0	60.526	190	72	1	16	205	1	187	2.39e-74	229
NC_010988.1_orf:0_1	UniRef50_A0A0A0P3S7	37.815	119	73	1	16	134	1	118	1.29e-16	82.0
NC_010988.1_orf:0_1	UniRef50_S5MZG4	26.291	213	127	5	16	203	1	208	1.14e-08	60.8
NC_010988.1_orf:0_1	UniRef50_A0A140H460	33.673	98	63	2	16	113	1	96	1.07e-07	58.5
NC_010988.1_orf:1_1	UniRef50_A1XIQ1	69.352	1204	346	11	27	1215	1	1196	0.0	1761
NC_010988.1_orf:1_1	UniRef50_A0N0G4	90.385	780	75	0	438	1217	1	780	0.0	1516
NC_010988.1_orf:1_1	UniRef50_A0A0A0P522	42.090	670	379	3	545	1214	494	1154	0.0	587
NC_010988.1_orf:1_1	UniRef50_A0A0A0P522	34.125	337	201	11	27	356	4	326	1.99e-35	155
NC_010988.1_orf:1_1	UniRef50_S5MGH5	42.388	670	379	3	545	1208	536	1204	0.0	582
NC_010988.1_orf:1_1	UniRef50_S5MGH5	33.219	292	180	8	26	308	20	305	1.29e-35	156
NC_010988.1_orf:1_1	UniRef50_A0A097IAK0	40.964	664	387	2	545	1208	523	1181	0.0	576
NC_010988.1_orf:1_1	UniRef50_A0A097IAK0	36.545	301	177	10	8	301	3	296	1.93e-37	162
NC_010988.1_orf:1_1	UniRef50_G8IFC1	82.642	265	46	0	438	702	1	265	3.57e-154	469
NC_010988.1_orf:1_1	UniRef50_A0A140H461	37.611	678	392	9	545	1204	376	1040	2.08e-149	484
NC_010988.1_orf:1_1	UniRef50_A0A140H461	36.652	221	135	3	38	254	12	231	6.23e-32	144
NC_010988.1_orf:1_1	UniRef50_V9PRN1	39.160	595	350	4	544	1134	387	973	7.45e-139	454
NC_010988.1_orf:1_1	UniRef50_V9PRN1	31.522	184	114	3	143	326	2	173	1.30e-19	104
NC_010988.1_orf:1_1	UniRef50_A0A060AF27	84.795	171	26	0	646	816	1	171	4.75e-99	319
NC_010988.1_orf:1_1	UniRef50_D8V5V9	69.945	183	55	0	1017	1199	1	183	1.55e-88	291
NC_003443.1_orf:0_1	UniRef50_Q88435	69.154	402	123	1	16	416	1	402	0.0	601
NC_003443.1_orf:0_1	UniRef50_Q77IS8	59.512	410	160	2	16	424	1	405	3.37e-178	521
NC_003443.1_orf:0_1	UniRef50_D8WJ22	54.229	402	183	1	16	416	1	402	1.19e-153	457
NC_003443.1_orf:0_1	UniRef50_A0A097I379	60.269	297	112	2	129	424	1	292	8.78e-127	385
NC_003443.1_orf:0_1	UniRef50_P17240	47.250	400	210	1	16	414	1	400	9.79e-116	361
NC_003443.1_orf:0_1	UniRef50_A0A192F0K3	67.553	188	61	0	16	203	1	188	7.75e-88	276
NC_003443.1_orf:0_1	UniRef50_C3TWQ2	38.832	394	234	5	16	405	1	391	2.96e-80	266
NC_003443.1_orf:0_1	UniRef50_A0A193KUX6	38.571	420	247	8	16	430	1	414	7.19e-80	265
NC_003443.1_orf:0_1	UniRef50_A0A1Y0KCB8	35.523	411	252	5	14	418	29	432	9.74e-78	261
NC_003443.1_orf:0_1	UniRef50_B5AXP0	34.422	398	258	2	16	412	1	396	2.82e-72	245
NC_003443.1_orf:0_2	UniRef50_P19847	99.556	225	1	0	9	233	1	225	3.98e-165	461
NC_003443.1_orf:0_2	UniRef50_P23056	96.491	171	6	0	9	179	1	171	3.02e-113	337
NC_003443.1_orf:0_2	UniRef50_P11207	43.668	229	105	4	14	232	7	221	3.92e-53	177
NC_003443.1_orf:0_2	UniRef50_P30928	36.652	221	128	5	18	233	8	221	5.33e-36	134
NC_003443.1_orf:0_2	UniRef50_D8WJ38	33.475	236	137	4	12	233	2	231	5.66e-28	113
NC_003443.1_orf:0_2	UniRef50_K7XAQ7	31.325	249	115	8	16	232	6	230	9.18e-25	105
NC_003443.1_orf:0_2	UniRef50_D8WJ24	31.557	244	131	8	16	233	6	239	1.92e-22	99.4
NC_003443.1_orf:0_2	UniRef50_A3R041	29.279	222	149	4	14	233	4	219	1.01e-20	94.7
NC_003443.1_orf:0_2	UniRef50_P11208	39.412	170	81	5	14	172	7	165	1.37e-20	96.7
NC_003443.1_orf:0_2	UniRef50_Q917N9	31.780	236	135	8	14	233	7	232	1.21e-19	92.0
NC_003443.1_orf:0_3	UniRef50_P26629	100.000	551	0	0	15	565	1	551	0.0	1119
NC_003443.1_orf:0_3	UniRef50_P25181	65.743	505	169	2	37	539	26	528	0.0	641
NC_003443.1_orf:0_3	UniRef50_P04849	49.795	488	245	0	22	509	4	491	7.70e-160	473
NC_003443.1_orf:0_3	UniRef50_UPI00027FCE66	53.369	371	173	0	121	491	1	371	1.20e-131	397
NC_003443.1_orf:0_3	UniRef50_P89039	42.369	498	279	2	27	523	11	501	5.34e-128	392
NC_003443.1_orf:0_3	UniRef50_A5H726	44.223	502	274	3	36	534	20	518	1.69e-119	370
NC_003443.1_orf:0_3	UniRef50_P09458	43.400	447	253	0	43	489	25	471	1.82e-118	368
NC_003443.1_orf:0_3	UniRef50_K7XN73	40.115	521	302	5	22	536	8	524	1.53e-110	347
NC_003443.1_orf:0_3	UniRef50_D7US59	39.735	453	271	2	42	493	25	476	1.48e-104	332
NC_003443.1_orf:0_3	UniRef50_A0A0D3MD37	42.070	454	261	2	36	488	26	478	6.41e-100	320
NC_003443.1_orf:0_4	UniRef50_P25466	100.000	571	0	0	12	582	1	571	0.0	1179
NC_003443.1_orf:0_4	UniRef50_P04850	46.858	557	292	3	25	580	9	562	0.0	569
NC_003443.1_orf:0_4	UniRef50_P11235	40.138	578	338	3	8	580	5	579	9.26e-154	460
NC_003443.1_orf:0_4	UniRef50_A0A0F6T464	39.649	570	328	4	17	580	11	570	6.56e-146	440
NC_003443.1_orf:0_4	UniRef50_P21526	39.787	563	325	5	22	577	16	571	6.26e-133	407
NC_003443.1_orf:0_4	UniRef50_A5H727	35.893	560	347	3	25	580	23	574	3.38e-125	387
NC_003443.1_orf:0_4	UniRef50_K7WN00	33.563	581	348	10	17	581	11	569	8.60e-99	318
NC_003443.1_orf:0_4	UniRef50_O71230	96.026	151	6	0	226	376	1	151	2.50e-98	302
NC_003443.1_orf:0_4	UniRef50_D5FGX6	35.273	567	349	10	25	581	17	575	2.98e-98	317
NC_003443.1_orf:0_4	UniRef50_A0A1Y0KBW5	34.851	571	334	9	25	580	49	596	4.46e-96	312
