NC_035758.1_orf:0_8	UniRef50_A0A125RWR1	63.846	130	47	0	18	147	4	133	3.14e-54	174
NC_035758.1_orf:0_8	UniRef50_A0A125RWR4	78.261	92	20	0	13	104	6	97	6.01e-47	154
NC_035758.1_orf:1_1	UniRef50_A0A120KKH2	100.000	1279	0	0	4	1282	1	1279	0.0	2649
NC_035758.1_orf:1_1	UniRef50_A0A1L6BZZ8	28.214	1198	747	33	27	1185	28	1151	5.03e-111	385
NC_035758.1_orf:1_1	UniRef50_A0A1L6C007	28.855	1109	676	37	106	1179	1	1031	1.93e-84	308
NC_035758.1_orf:1_1	UniRef50_F5BB17	26.124	712	441	23	498	1180	979	1634	6.28e-33	148
NC_035758.1_orf:1_1	UniRef50_F5BB17	26.683	401	254	13	54	432	57	439	4.86e-18	99.8
NC_035758.1_orf:1_1	UniRef50_A0A1L6C003	32.372	312	203	6	934	1242	914	1220	6.03e-31	141
NC_035758.1_orf:1_1	UniRef50_I3UJM4	25.641	780	467	28	498	1242	917	1618	6.26e-31	141
NC_035758.1_orf:1_1	UniRef50_A0A076EA06	23.676	1246	728	56	132	1222	127	1304	1.56e-30	140
NC_035758.1_orf:1_1	UniRef50_I7A6L0	25.756	761	450	26	499	1223	881	1562	2.94e-29	136
NC_035758.1_orf:1_1	UniRef50_Q6QLN1	26.241	705	415	28	498	1171	815	1445	1.30e-25	124
NC_035758.1_orf:1_1	UniRef50_P29324	25.827	786	461	30	480	1223	949	1654	6.03e-25	122
NC_035758.1_orf:1_1	UniRef50_P29324	25.654	382	236	13	33	379	33	401	7.74e-13	82.8
NC_035758.1_orf:1_6	UniRef50_A0A125RWR7	84.416	77	12	0	2	78	1	77	2.39e-26	99.4
NC_035758.1_orf:2_7	UniRef50_A0A125RWR0	65.457	689	204	8	5	674	1	674	0.0	856
NC_035758.1_orf:2_7	UniRef50_A0A1C9U6H0	43.864	383	189	10	44	405	120	497	1.63e-90	306
NC_035758.1_orf:2_7	UniRef50_C5IDQ0	42.078	385	198	10	14	379	35	413	1.00e-81	283
NC_035758.1_orf:2_7	UniRef50_A0A1Q1N6P6	32.288	638	385	14	59	655	63	694	1.60e-80	279
NC_035758.1_orf:2_7	UniRef50_A0A1Q1N6P7	40.351	399	202	10	48	416	69	461	6.42e-79	275
NC_035758.1_orf:2_7	UniRef50_G9F9P8	38.072	415	220	8	47	429	57	466	8.94e-78	273
NC_035758.1_orf:2_7	UniRef50_Q9JG99	39.796	392	203	9	17	379	33	420	3.20e-77	270
NC_035758.1_orf:2_7	UniRef50_A0A0U2NZ19	42.388	335	176	6	59	378	57	389	5.99e-77	259
NC_035758.1_orf:2_7	UniRef50_G1JYV5	37.532	389	210	9	25	383	74	459	1.66e-74	263
NC_035758.1_orf:2_7	UniRef50_A0A1S5VZF1	37.861	346	208	3	16	354	24	369	2.22e-73	249
