NC_035203.1_orf:0_1	UniRef50_A0A240G1G0	100.000	78	0	0	2	79	1	78	1.20e-48	155
NC_035203.1_orf:0_1	UniRef50_Q05JD9	42.623	61	33	1	9	67	8	68	3.64e-05	45.1
NC_035203.1_orf:1_1	UniRef50_A0A240G1F7	100.000	2129	0	0	21	2149	1	2129	0.0	4416
NC_035203.1_orf:1_1	UniRef50_K4MWA4	51.472	2174	997	25	19	2149	16	2174	0.0	2190
NC_035203.1_orf:1_1	UniRef50_Q64962	42.838	2206	1152	26	21	2149	1	2174	0.0	1712
NC_035203.1_orf:1_1	UniRef50_A8C5N0	43.945	2180	1107	32	24	2149	14	2132	0.0	1691
NC_035203.1_orf:1_1	UniRef50_A0A0U3DD24	49.055	1164	560	11	994	2149	863	2001	0.0	1116
NC_035203.1_orf:1_1	UniRef50_A0A0U3DD24	32.742	959	570	19	21	918	1	945	1.81e-137	486
NC_035203.1_orf:1_1	UniRef50_K4MTI1	50.977	1126	537	11	1036	2149	914	2036	0.0	1088
NC_035203.1_orf:1_1	UniRef50_K4MTI1	34.574	645	370	11	21	631	1	627	3.05e-97	360
NC_035203.1_orf:1_1	UniRef50_K4MTI1	38.000	150	89	3	734	883	767	912	9.31e-18	99.8
NC_035203.1_orf:1_1	UniRef50_A0A1L3KK71	51.194	1047	498	7	1106	2149	22	1058	0.0	1080
NC_035203.1_orf:1_1	UniRef50_G3XFX9	49.460	1112	553	7	1043	2149	844	1951	0.0	1044
NC_035203.1_orf:1_1	UniRef50_G3XFX9	34.838	864	502	12	21	872	1	815	7.63e-133	471
NC_035203.1_orf:1_1	UniRef50_I6YB60	48.221	1124	569	8	1032	2149	828	1944	0.0	1030
NC_035203.1_orf:1_1	UniRef50_I6YB60	44.084	431	241	0	21	451	1	431	3.81e-105	385
NC_035203.1_orf:1_1	UniRef50_A0A1I7P2Z3	48.077	1092	562	3	1060	2149	885	1973	0.0	1030
NC_035203.1_orf:1_1	UniRef50_A0A1I7P2Z3	42.549	463	261	1	21	478	1	463	9.20e-108	393
NC_035203.1_orf:1_1	UniRef50_A0A1I7P2Z3	38.217	157	79	5	724	873	663	808	1.14e-19	106
NC_035203.1_orf:1_2	UniRef50_A0A240G1G1	100.000	255	0	0	11	265	1	255	0.0	525
NC_035203.1_orf:1_2	UniRef50_Q1W2P3	52.778	216	102	0	47	262	39	254	1.37e-76	240
NC_035203.1_orf:1_2	UniRef50_A0A193CK96	49.367	158	80	0	47	204	39	196	1.28e-48	166
NC_035203.1_orf:1_2	UniRef50_A0A0C4WAP1	63.303	109	40	0	146	254	2	110	8.59e-47	159
NC_035203.1_orf:1_2	UniRef50_A0A1W5VPK2	39.267	191	116	0	64	254	16	206	1.03e-44	157
NC_035203.1_orf:1_2	UniRef50_G8H3R4	57.025	121	52	0	98	218	7	127	2.16e-43	150
NC_035203.1_orf:1_2	UniRef50_A8C5N6	37.563	197	121	1	60	254	197	393	5.00e-40	150
NC_035203.1_orf:1_2	UniRef50_A0A096XMC1	36.500	200	120	3	57	251	7	204	5.38e-38	139
NC_035203.1_orf:1_2	UniRef50_Q64966	34.135	208	135	1	49	254	198	405	2.94e-36	140
NC_035203.1_orf:1_2	UniRef50_A0A220NQ80	36.264	182	115	1	72	253	25	205	5.25e-35	132
NC_035203.1_orf:2_3	UniRef50_K4N9A3	60.633	221	87	0	10	230	1	221	5.00e-92	276
NC_035203.1_orf:2_3	UniRef50_D2EBF1	57.558	172	73	0	10	181	1	172	1.33e-63	202
NC_035203.1_orf:2_3	UniRef50_Q64963	40.271	221	131	1	10	229	1	221	2.23e-51	173
NC_035203.1_orf:2_3	UniRef50_A0A0A7MB56	42.667	225	122	5	10	229	1	223	1.84e-48	166
NC_035203.1_orf:2_3	UniRef50_A0A1W5KTS4	40.625	224	126	4	8	229	3	221	8.82e-43	151
NC_035203.1_orf:2_3	UniRef50_Q5L4G5	42.857	203	110	4	32	229	27	228	4.98e-40	144
NC_035203.1_orf:2_3	UniRef50_A0A191TBL6	37.220	223	134	3	9	229	4	222	1.33e-39	143
NC_035203.1_orf:2_3	UniRef50_D2Z043	41.071	224	127	4	10	229	1	223	1.00e-38	141
NC_035203.1_orf:2_3	UniRef50_G5D8V6	38.208	212	128	3	20	229	11	221	4.64e-38	139
NC_035203.1_orf:2_3	UniRef50_Q9IH79	36.323	223	136	4	10	229	1	220	4.32e-37	136
NC_035203.1_orf:2_4	UniRef50_O93211	50.862	116	57	0	2	117	1	116	1.08e-41	140
NC_035203.1_orf:2_4	UniRef50_E7DUC1	48.598	107	53	1	2	108	1	105	1.00e-26	102
NC_035203.1_orf:2_4	UniRef50_Q5IJQ2	46.465	99	52	1	2	99	1	99	1.49e-25	99.8
NC_035203.1_orf:2_4	UniRef50_J7GU58	43.810	105	58	1	2	106	1	104	2.51e-22	91.3
NC_035203.1_orf:2_4	UniRef50_Q64964	45.794	107	57	1	2	108	1	106	3.80e-22	91.3
NC_035203.1_orf:2_4	UniRef50_Q993S5	46.875	96	44	1	2	97	1	89	5.21e-20	85.5
NC_035203.1_orf:2_4	UniRef50_A0A220NQ64	46.875	96	35	2	2	93	1	84	7.52e-19	82.0
NC_035203.1_orf:2_4	UniRef50_Q629I8	41.000	100	57	1	2	99	1	100	3.49e-18	80.9
NC_035203.1_orf:2_4	UniRef50_Q8UZ92	40.000	110	62	2	2	109	1	108	6.03e-18	80.1
NC_035203.1_orf:2_4	UniRef50_Q913Z7	43.519	108	56	2	2	109	1	103	6.07e-18	80.1
NC_035203.1_orf:4_1	UniRef50_P16597	38.272	81	46	2	16	93	16	95	2.93e-04	44.7
NC_034402.1_orf:2_1	UniRef50_P0C760	67.857	2156	690	1	13	2165	1	2156	0.0	3139
NC_034402.1_orf:2_1	UniRef50_D7NVD2	75.455	1430	351	0	144	1573	1	1430	0.0	2338
NC_034402.1_orf:2_1	UniRef50_A0A1B1XXS7	66.949	1180	381	3	988	2165	1	1173	0.0	1721
NC_034402.1_orf:2_1	UniRef50_V9MFU8	69.244	1151	354	0	252	1402	1	1151	0.0	1712
NC_034402.1_orf:2_1	UniRef50_A0A0K0LEI5	74.050	1079	280	0	13	1091	1	1079	0.0	1707
NC_034402.1_orf:2_1	UniRef50_R4JAI5	72.802	853	232	0	252	1104	2	854	0.0	1341
NC_034402.1_orf:2_1	UniRef50_F6L6Q2	72.364	825	226	1	634	1456	1	825	0.0	1277
NC_034402.1_orf:2_1	UniRef50_A0A024AXT8	78.100	621	136	0	409	1029	3	623	0.0	1036
NC_034402.1_orf:2_1	UniRef50_R4JAI1	78.920	574	121	0	990	1563	1	574	0.0	999
NC_034402.1_orf:2_1	UniRef50_R4JAH9	79.588	485	99	0	763	1247	2	486	0.0	828
NC_034395.1_orf:2_1	UniRef50_M9QY05	61.111	1134	439	2	19	1151	6	1138	0.0	1491
NC_034395.1_orf:2_1	UniRef50_C7EMH7	59.804	1122	444	5	34	1152	16	1133	0.0	1423
NC_034395.1_orf:2_1	UniRef50_Q806Y7	58.356	1119	463	3	35	1152	19	1135	0.0	1411
NC_034395.1_orf:2_1	UniRef50_Q9WJ31	53.268	1117	515	5	36	1147	25	1139	0.0	1311
NC_034395.1_orf:2_1	UniRef50_Q83887	53.392	1135	521	7	21	1150	5	1136	0.0	1285
NC_034395.1_orf:2_1	UniRef50_A0A0D5W3U2	45.984	1133	599	10	22	1149	3	1127	0.0	1048
NC_034395.1_orf:2_1	UniRef50_H8XZP8	64.354	735	261	1	418	1151	1	735	0.0	1033
NC_034395.1_orf:2_1	UniRef50_A0A075IFP0	42.614	1117	615	12	40	1150	23	1119	0.0	936
NC_034395.1_orf:2_1	UniRef50_Q1HE07	54.592	773	347	3	26	798	12	780	0.0	931
NC_034395.1_orf:2_1	UniRef50_M9QZK8	40.245	1143	661	14	19	1150	2	1133	0.0	926
NC_034394.1_orf:2_1	UniRef50_P19475	59.447	434	171	3	13	442	1	433	0.0	541
NC_034394.1_orf:2_1	UniRef50_G1AQJ3	69.231	338	97	2	108	442	2	335	1.19e-175	501
NC_034394.1_orf:2_1	UniRef50_A0A140HRP3	62.500	336	125	1	17	352	1	335	2.64e-156	452
NC_034394.1_orf:2_1	UniRef50_Q9QKC8	54.783	345	146	2	13	353	1	339	2.99e-134	396
NC_034394.1_orf:2_1	UniRef50_B6RD46	45.517	435	217	5	16	442	14	436	5.39e-127	382
NC_034394.1_orf:2_1	UniRef50_V5M1C7	63.774	265	85	2	100	359	3	261	1.50e-119	356
NC_034394.1_orf:2_1	UniRef50_I0J0W7	58.824	221	91	0	13	233	1	221	3.77e-91	282
NC_034394.1_orf:2_1	UniRef50_A0A068EQW6	48.043	281	135	5	92	369	47	319	9.83e-87	274
NC_034394.1_orf:2_1	UniRef50_G8CXY2	61.009	218	80	3	229	442	1	217	3.71e-84	264
NC_034394.1_orf:2_1	UniRef50_C5J3U4	59.524	210	74	2	116	320	1	204	1.11e-81	257
NC_036389.1_orf:2_1	UniRef50_A0A1L3KKU5	27.842	1566	1003	46	284	1817	243	1713	3.59e-142	509
NC_036389.1_orf:2_1	UniRef50_A0A1L3KKU5	33.830	671	414	13	2329	2982	2296	2953	1.73e-92	347
NC_036389.1_orf:2_1	UniRef50_C1K2M4	35.163	765	461	15	2239	2979	24	777	2.48e-130	439
NC_036389.1_orf:2_1	UniRef50_A0A1L3KL25	26.602	1654	996	56	232	1796	211	1735	3.40e-128	463
NC_036389.1_orf:2_1	UniRef50_A0A1L3KL25	33.835	665	390	17	2338	2974	2205	2847	5.51e-91	342
NC_036389.1_orf:2_1	UniRef50_R4WH08	27.260	1449	910	49	352	1729	323	1698	1.18e-123	449
NC_036389.1_orf:2_1	UniRef50_R4WH08	28.891	893	526	26	2160	2982	2322	3175	8.25e-88	331
NC_036389.1_orf:2_1	UniRef50_A0A1Y1MVZ1	33.939	825	482	23	2203	2979	198	1007	4.15e-123	425
NC_036389.1_orf:2_1	UniRef50_A0A0A0QIW4	35.799	757	455	15	2242	2979	2252	2996	4.04e-122	444
NC_036389.1_orf:2_1	UniRef50_A0A0A0QIW4	23.325	1672	1066	60	273	1835	261	1825	7.23e-73	282
NC_036389.1_orf:2_1	UniRef50_A0A1L3KKN2	25.889	1715	1097	60	167	1807	74	1688	2.11e-121	441
NC_036389.1_orf:2_1	UniRef50_A0A1L3KKN2	29.733	898	543	36	2135	2973	2043	2911	2.25e-74	287
NC_036389.1_orf:2_1	UniRef50_A5A104	27.418	1623	961	59	285	1814	288	1786	1.82e-119	435
NC_036389.1_orf:2_1	UniRef50_A5A104	33.139	857	494	24	2166	2976	2149	2972	1.05e-104	387
NC_036389.1_orf:2_1	UniRef50_A0A0A1CHN4	25.727	1582	972	51	354	1832	314	1795	4.06e-118	431
NC_036389.1_orf:2_1	UniRef50_A0A0A1CHN4	30.612	833	525	27	2169	2973	2309	3116	3.15e-87	329
NC_036389.1_orf:2_1	UniRef50_A0A1L3KJ49	26.598	1658	986	60	303	1823	418	1981	5.99e-118	430
NC_036389.1_orf:2_1	UniRef50_A0A1L3KJ49	34.660	603	362	12	2401	2980	2567	3160	5.89e-87	328
NC_036390.1_orf:0_2	UniRef50_B5FX42	99.630	270	1	0	5	274	1	270	0.0	558
NC_036390.1_orf:0_2	UniRef50_Q5GA89	45.896	268	142	2	7	273	5	270	1.97e-79	248
NC_036390.1_orf:0_2	UniRef50_Q6E0X0	43.704	270	147	3	7	274	2	268	1.94e-76	240
