NC_030791.1_orf:4_6	UniRef50_P87878	57.500	40	17	0	25	64	4	43	1.05e-04	43.1
NC_004102.1_orf:0_1	UniRef50_P0C045	98.701	154	2	0	7	160	9	162	7.83e-103	298
NC_004102.1_orf:0_1	UniRef50_Q00687	69.421	121	37	0	6	126	1	121	1.65e-46	154
NC_004102.1_orf:0_1	UniRef50_Q68874	80.000	95	19	0	10	104	1	95	8.99e-42	141
NC_004102.1_orf:0_1	UniRef50_Q70GD2	95.714	70	3	0	64	133	65	134	5.37e-37	130
NC_004102.1_orf:0_1	UniRef50_Q91AW2	88.235	68	8	0	43	110	4	71	1.09e-32	118
NC_004102.1_orf:0_1	UniRef50_Q68365	60.784	102	40	0	9	110	1	102	9.06e-25	99.0
NC_004102.1_orf:0_1	UniRef50_Q81289	65.000	80	28	0	9	88	1	80	5.77e-23	93.6
NC_004102.1_orf:0_1	UniRef50_A0A140GMD5	45.370	108	44	4	23	120	17	119	3.07e-07	55.5
NC_004102.1_orf:0_1	UniRef50_Q91KM9	60.417	48	17	1	50	95	6	53	1.29e-06	50.8
NC_004102.1_orf:0_1	UniRef50_A9LL82	71.429	35	10	0	62	96	1	35	2.56e-05	47.0
NC_004102.1_orf:0_3	UniRef50_Q5PZP2	74.286	70	18	0	1	70	68	137	2.10e-23	94.7
NC_004102.1_orf:0_13	UniRef50_A0A193KWJ6	86.486	37	5	0	47	83	1	37	1.02e-12	65.5
NC_004102.1_orf:1_2	UniRef50_Q8JPA9	66.019	103	35	0	87	189	3	105	2.86e-34	127
NC_004102.1_orf:1_2	UniRef50_I2BIH5	57.143	98	42	0	91	188	5	102	4.45e-18	82.8
NC_004102.1_orf:1_2	UniRef50_R9UHQ4	55.882	102	45	0	87	188	1	102	1.11e-10	63.5
NC_004102.1_orf:1_2	UniRef50_R9UKJ0	40.777	103	59	2	87	188	1	102	1.41e-08	57.8
NC_004102.1_orf:1_3	UniRef50_Q8JPA9	65.455	55	19	0	1	55	137	191	1.45e-04	45.4
NC_004102.1_orf:2_1	UniRef50_P27958	98.672	3011	40	0	15	3025	1	3011	0.0	6091
NC_004102.1_orf:2_1	UniRef50_A0A076MDV2	85.501	3021	399	4	15	2996	1	3021	0.0	5189
NC_004102.1_orf:2_1	UniRef50_C7AF12	77.793	3017	652	8	15	3025	1	3005	0.0	4796
NC_004102.1_orf:2_1	UniRef50_A0A1S6R4Q9	70.540	3055	852	7	15	3025	1	3051	0.0	4267
NC_004102.1_orf:2_1	UniRef50_Q81817	85.721	2283	325	1	743	3025	3	2284	0.0	3949
NC_004102.1_orf:2_1	UniRef50_A0A1S6R4P4	96.240	2048	77	0	978	3025	961	3008	0.0	3853
NC_004102.1_orf:2_1	UniRef50_A0A1S6R4P4	91.620	179	15	0	15	193	1	179	7.87e-96	358
NC_004102.1_orf:2_1	UniRef50_A0A1S6R4P4	71.233	219	63	0	498	716	481	699	1.03e-95	357
NC_004102.1_orf:2_1	UniRef50_A0A1S6R4P4	75.439	57	14	0	286	342	269	325	1.66e-18	103
NC_004102.1_orf:2_1	UniRef50_O41809	85.651	1812	252	8	1215	3025	1	1805	0.0	3107
NC_004102.1_orf:2_1	UniRef50_A0A1S6R3X6	74.852	1857	461	3	15	1865	1	1857	0.0	2907
NC_004102.1_orf:2_1	UniRef50_A0A1S6R3X6	74.538	1245	305	4	1789	3025	1863	3103	0.0	1791
NC_004102.1_orf:2_1	UniRef50_Q4PQQ6	85.319	1519	223	0	15	1533	1	1519	0.0	2707
NC_004102.1_orf:2_1	UniRef50_A0A089ZXH7	46.914	3046	1438	30	14	3005	5	2925	0.0	2583
NC_004102.1_orf:3_7	UniRef50_P87878	73.810	42	11	0	102	143	2	43	2.13e-08	56.2
