NC_004102.1_orf:5_13	UniRef50_UPI0009B0001D	42.169	83	48	0	46	128	1	83	1.18e-13	70.5
NC_029570.1_orf:5_1	UniRef50_A0A140EDB7	91.857	2272	185	0	7	2278	1	2272	0.0	4303
NC_029570.1_orf:5_1	UniRef50_F8K9Y7	42.371	2294	1248	31	36	2278	25	2295	0.0	1731
NC_029570.1_orf:5_1	UniRef50_G3G862	36.973	1969	1150	42	42	1948	26	1965	0.0	1164
NC_029570.1_orf:5_1	UniRef50_C0H5V4	35.558	2008	1195	41	42	1981	26	2002	0.0	1107
NC_029570.1_orf:5_1	UniRef50_Q6Q305	36.391	1973	1146	43	42	1947	32	1962	0.0	1100
NC_029570.1_orf:5_1	UniRef50_U6CPM6	32.718	2329	1389	60	42	2265	26	2281	0.0	1039
NC_029570.1_orf:5_1	UniRef50_A0A140EDF8	87.633	566	70	0	7	572	1	566	0.0	1009
NC_029570.1_orf:5_1	UniRef50_A0A140EDF7	90.476	357	34	0	1922	2278	1	357	0.0	674
NC_029570.1_orf:5_1	UniRef50_A0A219T3S9	36.518	1057	605	20	229	1245	30	1060	0.0	603
NC_029570.1_orf:5_1	UniRef50_A0A140EDE2	98.324	179	3	0	989	1167	1	179	1.24e-112	363
NC_029555.1_orf:3_1	UniRef50_A0A140EDE1	100.000	176	0	0	3	178	1	176	2.12e-126	359
NC_029554.1_orf:3_1	UniRef50_A0A140EDE0	99.016	305	3	0	3	307	1	305	0.0	635
NC_029554.1_orf:3_1	UniRef50_A0A140EDE9	91.304	230	20	0	78	307	1	230	6.03e-158	447
NC_029553.1_orf:4_1	UniRef50_A0A076V7J1	100.000	492	0	0	7	498	1	492	0.0	1003
NC_029553.1_orf:4_1	UniRef50_A0A140EDG9	78.142	366	80	0	133	498	1	366	0.0	597
NC_029553.1_orf:4_1	UniRef50_A0A076V805	25.762	361	232	9	89	434	69	408	2.66e-23	110
NC_029553.1_orf:4_1	UniRef50_F8K9Z1	22.812	377	247	14	84	440	88	440	2.41e-04	52.4
NC_029552.1_orf:3_1	UniRef50_A0A076V805	100.000	478	0	0	5	482	1	478	0.0	978
NC_029552.1_orf:3_1	UniRef50_A0A076V7J1	25.762	361	232	9	73	412	83	428	2.54e-23	110
NC_029552.1_orf:3_1	UniRef50_A0A140EDG9	25.714	315	203	10	114	412	3	302	4.42e-15	85.1
NC_029552.1_orf:3_1	UniRef50_F8K9Z1	24.013	304	211	8	72	365	92	385	3.05e-11	73.9
NC_029551.1_orf:4_1	UniRef50_A0A140EDE7	96.703	364	12	0	4	367	1	364	0.0	735
NC_029551.1_orf:4_1	UniRef50_F8K9Z0	48.368	337	165	5	16	346	9	342	1.37e-108	329
NC_029551.1_orf:4_1	UniRef50_A0A140EDG3	98.438	64	1	0	4	67	1	64	1.42e-35	131
NC_029551.1_orf:4_1	UniRef50_G3G8B5	22.436	312	218	6	4	309	1	294	5.23e-14	80.9
NC_029551.1_orf:4_1	UniRef50_A0A219T3Z1	25.436	287	196	8	17	300	7	278	2.44e-11	72.8
NC_029551.1_orf:4_1	UniRef50_C8Z2H2	24.096	332	218	11	5	330	1	304	3.00e-08	63.5
NC_029551.1_orf:4_1	UniRef50_A0A219T3V5	21.654	254	194	4	20	271	6	256	3.52e-08	62.8
NC_029551.1_orf:4_1	UniRef50_U6CMN3	21.654	254	194	4	20	271	6	256	5.87e-08	62.4
NC_029550.1_orf:3_1	UniRef50_P83664	98.962	289	3	0	19	307	1	289	0.0	588
NC_029550.1_orf:3_1	UniRef50_Q5MCQ0	98.000	100	2	0	137	236	1	100	7.80e-68	213
NC_029550.1_orf:3_1	UniRef50_F8K9Y9	35.841	226	144	1	60	285	64	288	2.53e-46	165
NC_029550.1_orf:3_1	UniRef50_A0A096VQ29	27.746	173	118	3	110	276	27	198	2.41e-16	84.3
NC_029550.1_orf:3_1	UniRef50_A0A1U8XX35	38.947	95	58	0	60	154	64	158	2.16e-15	80.1
NC_029550.1_orf:3_1	UniRef50_A0A219T3V6	26.744	172	116	4	123	286	130	299	1.15e-14	81.3
NC_029550.1_orf:3_1	UniRef50_A0A219T3T8	24.194	186	134	3	110	288	121	306	2.34e-13	77.4
NC_029550.1_orf:3_1	UniRef50_G3G8A2	25.172	290	181	10	9	286	42	307	2.49e-13	77.4
NC_029550.1_orf:3_1	UniRef50_J7KB99	25.000	168	117	3	112	273	1	165	8.40e-13	73.2
NC_029550.1_orf:3_1	UniRef50_Q0PI70	24.852	169	112	4	112	269	127	291	3.47e-10	68.2
NC_029549.1_orf:4_1	UniRef50_A0A076V7I7	100.000	667	0	0	10	676	1	667	0.0	1358
NC_029549.1_orf:4_1	UniRef50_F8K9Y8	38.927	578	334	10	73	637	40	611	6.68e-141	433
NC_029549.1_orf:4_1	UniRef50_A0A140EDF2	85.876	177	25	0	410	586	1	177	2.53e-104	322
NC_029549.1_orf:4_1	UniRef50_G3G863	27.304	586	410	10	72	651	33	608	2.76e-60	221
NC_029549.1_orf:4_1	UniRef50_A0A0U4CJ32	29.002	631	421	14	51	665	11	630	2.02e-57	213
NC_029549.1_orf:4_1	UniRef50_A0A0U5K3I4	26.959	638	432	17	46	665	13	634	2.24e-54	204
NC_029549.1_orf:4_1	UniRef50_C0MMX3	28.767	584	370	20	73	637	34	590	1.82e-52	199
NC_029549.1_orf:4_1	UniRef50_A0A1W5RTW0	26.406	640	435	20	46	665	9	632	1.67e-51	197
NC_029549.1_orf:4_1	UniRef50_Q6Q304	26.795	571	391	16	77	637	46	599	1.88e-46	182
NC_029549.1_orf:4_1	UniRef50_A0A219T3U4	26.923	312	218	7	238	544	2	308	3.10e-27	120
NC_028466.3_orf:1_1	UniRef50_A0A0S4GAB5	100.000	2769	0	0	62	2830	1	2769	0.0	5653
NC_028466.3_orf:1_1	UniRef50_A0A0M4KP29	36.017	1913	1091	39	70	1913	2	1850	0.0	1036
NC_028466.3_orf:1_1	UniRef50_A0A1L3KPJ0	29.574	940	612	16	665	1577	715	1631	4.25e-105	388
NC_028466.3_orf:1_1	UniRef50_A0A1L3KPM4	22.848	1545	896	56	96	1468	111	1531	1.47e-56	228
NC_028466.3_orf:1_1	UniRef50_A0A1S6G680	27.259	664	431	16	830	1474	657	1287	7.15e-52	213
NC_028466.3_orf:1_1	UniRef50_A0A1L3KPP0	23.953	860	527	24	688	1472	715	1522	3.59e-48	200
NC_028466.3_orf:1_1	UniRef50_A0A140DJE9	21.469	354	244	8	1141	1479	1	335	2.80e-12	80.5
NC_028466.3_orf:1_1	UniRef50_A0A0B5KXX8	19.132	899	601	29	664	1483	22	873	7.06e-09	71.2
NC_028466.3_orf:1_1	UniRef50_G3G862	23.970	267	179	9	1124	1374	1060	1318	5.04e-05	58.5
NC_028475.1_orf:1_1	UniRef50_W0G2T3	64.706	136	48	0	2	137	64	199	5.93e-54	187
NC_028475.1_orf:1_1	UniRef50_O92614	54.545	143	57	2	3	137	62	204	1.28e-37	142
NC_028475.1_orf:1_1	UniRef50_A0A096ZZ71	50.000	140	65	2	3	137	31	170	4.54e-34	128
NC_028475.1_orf:1_1	UniRef50_A0A023J4L6	57.831	83	35	0	54	136	1	83	1.37e-23	102
NC_028475.1_orf:1_1	UniRef50_A9XN83	42.727	110	60	3	2	109	59	167	7.95e-19	89.4
NC_028475.1_orf:1_1	UniRef50_A5YRF7	42.727	110	60	3	2	109	59	167	8.87e-19	89.0
NC_028475.1_orf:1_1	UniRef50_A0A1B4ZA33	37.956	137	82	1	3	136	62	198	6.60e-18	86.7
NC_028475.1_orf:1_1	UniRef50_Q9ZXZ7	31.126	151	83	4	3	137	99	244	1.24e-10	65.9
NC_028475.1_orf:1_1	UniRef50_A0A1B4ZA45	35.417	96	57	2	2	92	75	170	3.40e-09	61.6
NC_028475.1_orf:1_1	UniRef50_A0A0M3SUN1	35.484	124	62	3	2	118	187	299	5.12e-09	61.2
NC_028475.1_orf:1_2	UniRef50_A0A023J4L6	59.864	147	56	2	1	147	92	235	3.44e-50	175
NC_028475.1_orf:1_2	UniRef50_A0A096ZZ71	65.138	109	36	1	39	147	227	333	1.42e-41	148
NC_028475.1_orf:1_2	UniRef50_W0G2T3	57.246	138	57	2	1	137	207	343	2.47e-41	153
NC_028475.1_orf:1_2	UniRef50_O92614	54.795	146	59	2	6	146	217	360	4.05e-39	147
NC_028475.1_orf:1_2	UniRef50_A0A0F6NRW0	54.237	118	44	3	27	138	4	117	7.14e-31	122
NC_028475.1_orf:1_2	UniRef50_A0A1B4ZA33	58.036	112	39	1	35	146	250	353	1.92e-29	120
NC_028475.1_orf:1_2	UniRef50_A0A1B1HYB4	53.846	104	38	1	44	147	1	94	1.42e-28	112
NC_028475.1_orf:1_2	UniRef50_A5YRF7	55.340	103	38	2	44	146	283	377	2.62e-27	114
NC_028475.1_orf:1_2	UniRef50_U3T1M3	41.401	157	75	5	1	146	222	372	7.83e-24	103
NC_028475.1_orf:1_2	UniRef50_A0A096ZZ70	69.841	63	19	0	39	101	109	171	2.33e-23	97.1
NC_028475.1_orf:1_3	UniRef50_O92614	68.333	120	38	0	1	120	394	513	1.04e-45	164
NC_028475.1_orf:1_3	UniRef50_A0A023J4L6	58.824	119	49	0	1	119	278	396	6.53e-38	141
NC_028475.1_orf:1_3	UniRef50_A0A0F6NRW0	57.983	119	49	1	1	118	171	289	5.10e-34	130
NC_028475.1_orf:1_3	UniRef50_A5YRF7	55.462	119	50	3	1	117	415	532	1.43e-26	110
NC_028475.1_orf:1_3	UniRef50_A0A1B4ZA33	51.261	119	53	4	2	118	388	503	1.78e-23	101
NC_028475.1_orf:1_3	UniRef50_E7BMW8	42.727	110	62	1	2	111	1	109	1.91e-20	88.2
NC_028475.1_orf:1_3	UniRef50_A9XN83	54.167	96	42	2	23	117	227	321	8.13e-20	91.3
NC_028475.1_orf:1_3	UniRef50_A0A023ULS2	42.500	120	68	1	1	120	427	545	9.19e-20	91.3
NC_028475.1_orf:1_3	UniRef50_A0A0S4GA55	43.243	111	62	1	1	111	390	499	3.75e-19	89.4
NC_028475.1_orf:1_3	UniRef50_A0A0M5KUD0	56.627	83	28	2	1	75	377	459	1.33e-17	85.1
NC_028475.1_orf:1_4	UniRef50_A0A023J4L6	50.000	84	42	0	1	84	465	548	6.20e-20	92.4
NC_028475.1_orf:1_4	UniRef50_O92614	25.510	98	72	1	4	101	585	681	2.27e-05	50.4
NC_028474.1_orf:1_1	UniRef50_A0A0S4GA85	100.000	157	0	0	1	157	453	609	6.37e-106	325
NC_028474.1_orf:1_1	UniRef50_A0A096ZZ81	37.107	159	91	4	5	156	176	332	1.39e-22	100
NC_028474.1_orf:1_1	UniRef50_A0A096ZZ50	34.783	138	86	2	24	157	1	138	4.53e-18	85.1
NC_028474.1_orf:1_1	UniRef50_A0A0C4KMX4	28.758	153	108	1	5	156	455	607	8.16e-12	70.1
NC_028474.1_orf:1_1	UniRef50_Q9WJ22	27.152	151	106	1	5	155	450	596	2.09e-09	63.2
NC_028474.1_orf:1_1	UniRef50_A0A1W6R549	25.373	134	98	2	25	157	480	612	5.97e-05	50.1
NC_028474.1_orf:1_1	UniRef50_Q6Q2W5	25.926	162	103	3	6	154	423	580	8.65e-05	49.7
NC_028473.1_orf:1_1	UniRef50_A0A0S4GA55	100.000	166	0	0	1	166	34	199	1.96e-110	337
NC_028473.1_orf:1_1	UniRef50_A0A0M4KGZ4	48.701	154	71	3	13	166	57	202	7.89e-34	133
NC_028473.1_orf:1_1	UniRef50_A0A0S1WFH5	38.312	154	89	2	17	166	53	204	3.88e-22	100
NC_028473.1_orf:1_1	UniRef50_A0A023ULS2	37.195	164	94	4	6	165	82	240	1.48e-19	92.4
NC_028473.1_orf:1_1	UniRef50_A5YRF7	37.500	152	82	5	17	161	52	197	5.96e-14	76.6
NC_028473.1_orf:1_1	UniRef50_A9XN83	37.500	152	82	5	17	161	52	197	6.00e-14	76.3
NC_028473.1_orf:1_1	UniRef50_A0A1B4ZA33	30.723	166	108	3	1	166	38	196	1.72e-13	75.1
NC_028473.1_orf:1_1	UniRef50_A0A0M4LD17	29.167	168	85	4	1	134	97	264	2.17e-13	74.7
NC_028473.1_orf:1_1	UniRef50_O92614	33.333	153	92	2	13	161	50	196	4.29e-12	71.2
NC_028473.1_orf:1_1	UniRef50_A0A096ZZ71	34.783	161	88	6	11	165	17	166	1.53e-11	68.9
NC_028473.1_orf:1_2	UniRef50_A0A0S4GA55	100.000	81	0	0	1	81	279	359	3.01e-49	172
NC_028473.1_orf:1_2	UniRef50_A0A0M4KGZ4	53.165	79	37	0	1	79	282	360	6.67e-22	95.5
NC_028473.1_orf:1_2	UniRef50_W0G2T3	48.101	79	41	0	2	80	273	351	1.12e-16	80.5
NC_028473.1_orf:1_2	UniRef50_A0A0M4L081	53.425	73	27	2	1	73	237	302	5.73e-15	75.9
NC_028473.1_orf:1_2	UniRef50_Q33339	49.315	73	31	1	1	73	350	416	1.80e-14	74.3
NC_028473.1_orf:1_2	UniRef50_Q6EH18	52.500	80	31	2	1	80	106	178	3.43e-14	73.6
NC_028473.1_orf:1_2	UniRef50_A0A0F6NRW0	50.000	74	32	2	2	75	51	119	6.75e-14	72.8
NC_028473.1_orf:1_2	UniRef50_A0A096ZZ71	50.000	74	34	1	2	75	256	326	1.01e-13	71.6
NC_028473.1_orf:1_2	UniRef50_A5YRF7	54.054	74	25	2	2	75	307	371	1.50e-13	71.6
NC_028473.1_orf:1_2	UniRef50_H8XBW0	47.500	80	31	1	2	81	348	416	1.09e-12	69.3
NC_028473.1_orf:1_3	UniRef50_E7BMW8	98.750	160	2	0	2	161	1	160	5.78e-115	329
NC_028473.1_orf:1_3	UniRef50_A0A0S4GA55	100.000	161	0	0	1	161	390	550	9.00e-110	335
NC_028473.1_orf:1_3	UniRef50_A0A0S1WFH5	61.682	107	41	0	1	107	396	502	5.82e-34	133
NC_028473.1_orf:1_3	UniRef50_A0A0M4KGZ4	44.828	145	79	1	1	144	395	539	7.98e-32	127
NC_028473.1_orf:1_3	UniRef50_W0G2T3	44.138	145	80	1	1	144	385	529	2.31e-30	123
NC_028473.1_orf:1_3	UniRef50_A0A023ULS2	44.755	143	79	0	1	143	427	569	9.88e-30	121
NC_028473.1_orf:1_3	UniRef50_A0A0M4L081	50.000	106	52	1	1	105	350	455	2.42e-25	108
NC_028473.1_orf:1_3	UniRef50_Q6EH18	52.252	111	52	1	1	110	210	320	5.26e-24	104
NC_028473.1_orf:1_3	UniRef50_A5YRF7	40.397	151	82	3	1	143	415	565	2.42e-23	103
NC_028473.1_orf:1_3	UniRef50_O92614	42.342	111	63	1	1	110	394	504	3.36e-18	88.6
NC_028473.1_orf:1_4	UniRef50_A0A0S4GA55	100.000	71	0	0	1	71	552	622	5.53e-41	148
NC_028472.1_orf:1_1	UniRef50_A0A0S4GAV3	100.000	140	0	0	3	142	1	140	5.05e-90	284
NC_028472.1_orf:1_1	UniRef50_A0A1B4ZA45	50.962	104	49	1	41	142	39	142	3.44e-27	113
NC_028472.1_orf:1_1	UniRef50_Q9ZXZ7	47.967	123	64	0	11	133	34	156	1.06e-22	100
NC_028472.1_orf:1_1	UniRef50_A0A0M4KP37	40.230	87	51	1	55	140	101	187	8.34e-10	63.5
NC_028472.1_orf:1_1	UniRef50_A0A0M4LB29	36.232	69	43	1	65	132	202	270	4.44e-07	55.8
NC_028472.1_orf:1_1	UniRef50_A0A0M3SUN1	41.667	60	34	1	74	132	186	245	5.70e-05	49.7
NC_028472.1_orf:1_2	UniRef50_A0A0S4GAV3	100.000	78	0	0	1	78	142	219	4.46e-43	155
NC_028472.1_orf:1_2	UniRef50_Q9ZXZ7	41.558	77	41	2	2	78	168	240	4.60e-05	47.4
NC_028472.1_orf:1_2	UniRef50_A0A1B4ZA45	35.135	74	45	1	2	75	145	215	1.83e-04	45.8
NC_028472.1_orf:1_2	UniRef50_A0A1B4ZA33	38.710	62	36	1	2	63	126	185	3.58e-04	45.1
NC_028472.1_orf:1_3	UniRef50_A0A0S4GAV3	100.000	129	0	0	1	129	257	385	1.79e-79	256
NC_028472.1_orf:1_3	UniRef50_Q9ZXZ7	60.684	117	39	1	12	121	309	425	6.67e-39	145
NC_028472.1_orf:1_3	UniRef50_A0A1B1FG01	66.292	89	30	0	33	121	3	91	2.79e-37	133
NC_028472.1_orf:1_3	UniRef50_A0A1B4ZA45	55.738	122	51	1	1	122	258	376	2.49e-36	139
NC_028472.1_orf:1_3	UniRef50_A0A023J4L6	51.695	118	53	2	15	128	118	235	1.70e-28	115
NC_028472.1_orf:1_3	UniRef50_A0A096ZZ68	50.515	97	48	0	32	128	169	265	2.09e-28	112
NC_028472.1_orf:1_3	UniRef50_A0A0M4LB29	55.789	95	42	0	27	121	412	506	7.49e-28	114
NC_028472.1_orf:1_3	UniRef50_A0A0M3SUN1	52.475	101	47	1	29	129	401	500	1.92e-27	113
NC_028472.1_orf:1_3	UniRef50_A0A1B1HYB4	49.000	100	45	2	31	129	1	95	8.05e-24	99.0
NC_028472.1_orf:1_3	UniRef50_A0A1B4ZA33	44.800	125	59	2	11	127	231	353	3.12e-22	98.6
NC_028472.1_orf:1_4	UniRef50_A0A0S4GAV3	100.000	105	0	0	1	105	449	553	1.91e-63	212
NC_028472.1_orf:1_4	UniRef50_A0A1B4ZA45	49.524	105	53	0	1	105	450	554	3.24e-22	97.4
NC_028472.1_orf:1_4	UniRef50_Q9ZXZ7	51.724	87	42	0	4	90	503	589	6.57e-22	96.7
NC_028472.1_orf:1_4	UniRef50_A0A1B1FG01	60.345	58	23	0	4	61	169	226	3.54e-16	77.8
NC_028472.1_orf:1_4	UniRef50_A0A127AZS1	44.048	84	41	1	3	86	615	692	2.05e-12	69.7
NC_028472.1_orf:1_4	UniRef50_A5YRF7	51.389	72	31	2	3	71	440	510	3.52e-10	63.2
NC_028472.1_orf:1_4	UniRef50_A9XN83	51.389	72	31	2	3	71	229	299	4.75e-10	62.8
NC_028472.1_orf:1_4	UniRef50_A0A1D1YT17	35.955	89	56	1	4	92	490	577	4.88e-10	62.8
NC_028472.1_orf:1_4	UniRef50_E7BMW8	46.774	62	31	1	2	63	23	82	1.15e-09	59.7
NC_028472.1_orf:1_4	UniRef50_A0A1B1HYB4	46.667	60	32	0	3	62	170	229	2.06e-09	60.1
NC_028472.1_orf:1_5	UniRef50_A0A0S4GAV3	100.000	142	0	0	1	142	555	696	7.26e-91	286
NC_028472.1_orf:1_6	UniRef50_A0A0S4GAV3	100.000	89	0	0	1	89	698	786	1.82e-53	184
