NC_035182.1_orf:5_17	UniRef50_A0A220IGT1	55.102	49	22	0	4	52	8	56	5.55e-10	60.8
NC_035221.1_orf:0_1	UniRef50_A0A140H459	100.000	2207	0	0	3	2209	1	2207	0.0	4590
NC_035221.1_orf:0_1	UniRef50_A0A0A0P9Y6	36.869	2121	1192	44	28	2091	41	2071	0.0	1255
NC_035221.1_orf:0_1	UniRef50_A9UC61	38.590	1858	1045	38	32	1852	32	1830	0.0	1175
NC_035221.1_orf:0_1	UniRef50_A1XIP9	37.307	1879	1060	43	5	1842	9	1810	0.0	1132
NC_035221.1_orf:0_1	UniRef50_B1PM64	46.606	545	276	5	1307	1842	24	562	7.97e-142	475
NC_035221.1_orf:0_1	UniRef50_V9PRL7	32.871	721	416	12	381	1095	1	659	2.15e-113	384
NC_035221.1_orf:0_1	UniRef50_D8V5U3	68.000	250	80	0	1365	1614	1	250	4.53e-108	353
NC_035221.1_orf:0_1	UniRef50_Q3YC01	30.789	786	481	25	1071	1825	27	780	3.04e-74	274
NC_035221.1_orf:0_1	UniRef50_A0A1L5JIX9	31.250	672	372	21	1071	1716	1410	2017	3.04e-67	262
NC_035221.1_orf:0_1	UniRef50_A0A1L5JIX9	21.377	552	364	22	38	555	393	908	1.59e-06	63.2
NC_035221.1_orf:0_1	UniRef50_Q8UYV9	31.157	674	404	20	1072	1728	1170	1800	1.18e-66	260
NC_035221.1_orf:0_1	UniRef50_Q8UYV9	27.306	271	177	4	332	583	450	719	6.88e-20	107
NC_035220.1_orf:1_2	UniRef50_A0A0A0P3S7	51.196	209	91	3	1	205	1	202	1.17e-59	192
NC_035220.1_orf:1_2	UniRef50_S5MZG4	41.395	215	112	3	1	205	1	211	5.09e-50	168
NC_035220.1_orf:1_2	UniRef50_J9PD86	30.000	210	110	4	1	199	1	184	2.24e-15	78.6
NC_035220.1_orf:1_2	UniRef50_A1XIQ0	40.708	113	64	3	1	111	1	112	1.73e-13	73.6
NC_035220.1_orf:1_2	UniRef50_A0A140H460	22.581	217	144	5	1	201	1	209	1.91e-04	49.3
NC_035220.1_orf:2_3	UniRef50_A0A097IAK0	100.000	1195	0	0	66	1260	1	1195	0.0	2499
NC_035220.1_orf:2_3	UniRef50_S5MGH5	56.616	1194	492	7	90	1258	24	1216	0.0	1410
NC_035220.1_orf:2_3	UniRef50_A0A0A0P522	50.849	1178	526	16	90	1248	7	1150	0.0	1199
NC_035220.1_orf:2_3	UniRef50_A0N0G4	41.424	688	390	4	572	1249	95	779	0.0	583
NC_035220.1_orf:2_3	UniRef50_V9PRN1	35.100	1000	553	20	223	1172	20	973	0.0	576
NC_035220.1_orf:2_3	UniRef50_A1XIQ1	41.906	661	382	2	588	1246	529	1189	5.96e-180	570
NC_035220.1_orf:2_3	UniRef50_A1XIQ1	32.867	286	179	8	87	366	1	279	1.34e-32	146
NC_035220.1_orf:2_3	UniRef50_A0A140H461	38.667	675	398	7	582	1243	370	1041	7.70e-152	492
NC_035220.1_orf:2_3	UniRef50_A0A140H461	30.263	228	152	3	91	316	9	231	1.88e-26	126
NC_035220.1_orf:2_3	UniRef50_W6AYX9	45.378	238	130	0	750	987	1	238	7.59e-63	222
NC_035220.1_orf:2_3	UniRef50_D8V5V9	48.634	183	93	1	1056	1237	1	183	2.74e-49	181
NC_035220.1_orf:2_3	UniRef50_A0A060AF27	40.351	171	102	0	689	859	1	171	2.71e-37	146
