NC_035457.1_orf:0_1	UniRef50_A0A220QTH8	100.000	277	0	0	27	303	1	277	0.0	577
NC_035457.1_orf:0_1	UniRef50_A0A1L3KKP7	50.714	280	127	3	27	302	1	273	1.14e-90	278
NC_035457.1_orf:0_1	UniRef50_A0A220QTE5	49.110	281	130	4	27	302	16	288	1.10e-89	276
NC_035457.1_orf:0_1	UniRef50_A0A220QTF9	42.910	268	122	9	40	303	14	254	6.79e-50	173
NC_035457.1_orf:0_2	UniRef50_A0A220QTG1	100.000	123	0	0	17	139	1	123	6.59e-85	251
NC_035457.1_orf:0_3	UniRef50_A0A220QTG0	50.503	497	195	10	4	453	2	494	1.51e-158	464
NC_035457.1_orf:0_3	UniRef50_A0A220QTE9	45.788	463	213	10	4	450	1	441	2.52e-123	373
NC_035457.1_orf:0_3	UniRef50_A0A1L3KKP3	46.512	473	204	11	4	453	1	447	2.66e-123	373
NC_035457.1_orf:0_3	UniRef50_A0A220QTI7	44.144	333	161	5	5	333	3	314	6.17e-86	278
NC_035457.1_orf:0_3	UniRef50_A0A220QTG8	40.665	391	195	10	4	384	1	364	6.36e-83	267
NC_035457.1_orf:0_4	UniRef50_A0A220QTG5	100.000	2285	0	0	2	2286	1	2285	0.0	4779
NC_035457.1_orf:0_4	UniRef50_A0A1L3KKV7	48.534	989	485	7	1308	2285	1341	2316	0.0	987
NC_035457.1_orf:0_4	UniRef50_A0A1L3KKV7	37.175	1154	631	18	25	1111	11	1137	0.0	765
NC_035457.1_orf:0_4	UniRef50_A0A220QTH1	33.097	1127	674	30	1196	2279	1056	2145	4.09e-165	571
NC_035457.1_orf:0_4	UniRef50_A0A220QTH1	30.585	1128	674	35	20	1106	2	1061	4.29e-130	465
NC_035457.1_orf:0_4	UniRef50_A5HB92	34.639	970	599	16	1321	2283	1204	2145	4.04e-159	553
NC_035457.1_orf:0_4	UniRef50_A5HB92	29.936	1099	677	29	22	1089	11	1047	2.41e-127	456
NC_035457.1_orf:0_4	UniRef50_A0A1L3KKT0	23.398	983	649	33	1322	2266	1257	2173	4.88e-43	183
NC_035457.1_orf:0_4	UniRef50_A0A1L3KKT0	25.932	590	368	22	357	920	522	1068	3.32e-35	157
NC_035457.1_orf:0_4	UniRef50_A0A089FZT0	24.194	620	399	20	1673	2257	1158	1741	7.47e-33	149
NC_035457.1_orf:0_4	UniRef50_A0A1L3KJ73	27.508	618	385	23	1672	2268	2207	2782	3.27e-32	147
NC_035457.1_orf:0_4	UniRef50_A0A1L3KJ73	30.058	173	116	4	733	902	1559	1729	1.14e-04	57.0
NC_035457.1_orf:0_4	UniRef50_A0A1L3KKW1	25.175	715	459	29	1584	2267	1023	1692	9.09e-32	145
NC_035457.1_orf:0_4	UniRef50_A0A1L3KKU2	27.273	572	329	22	1780	2286	2350	2899	2.19e-31	145
NC_035457.1_orf:0_4	UniRef50_A0A1L3KKU2	29.381	194	117	5	757	945	1436	1614	2.11e-07	65.9
NC_035457.1_orf:0_4	UniRef50_A0A218NJT6	25.436	688	420	24	1594	2246	1168	1797	4.44e-31	143
NC_035457.1_orf:1_1	UniRef50_A0A220QTG4	100.000	267	0	0	4	270	1	267	0.0	541
NC_035457.1_orf:1_1	UniRef50_A0A220QTF4	51.550	258	117	3	4	254	1	257	5.42e-84	259
NC_035457.1_orf:1_1	UniRef50_A0A220QTH3	37.647	255	144	6	6	253	4	250	1.74e-46	163
NC_035457.1_orf:1_1	UniRef50_A0A220QTH4	39.286	252	133	7	10	253	1	240	3.02e-45	160
NC_035457.1_orf:1_1	UniRef50_H9XTK7	44.954	109	55	1	35	138	1	109	1.56e-24	102
NC_035457.1_orf:2_1	UniRef50_A0A220QTF8	100.000	304	0	0	12	315	1	304	0.0	616
NC_035457.1_orf:2_1	UniRef50_A0A220QTF3	48.772	285	134	4	33	309	15	295	8.05e-77	244
NC_035457.1_orf:2_1	UniRef50_A0A220QTH5	34.050	279	158	9	40	313	20	277	3.44e-24	106
NC_035457.1_orf:2_1	UniRef50_A0A220QTH0	33.333	180	109	3	134	313	100	268	3.29e-10	67.8
NC_035457.1_orf:2_1	UniRef50_A0A220QTH2	31.461	178	113	2	142	315	92	264	7.87e-09	63.9
NC_035198.1_orf:1_4	UniRef50_A0A220IGD6	99.955	2209	1	0	10	2218	1	2209	0.0	4594
NC_035198.1_orf:1_4	UniRef50_A0A0B6CCI0	40.607	2241	1196	43	29	2213	89	2250	0.0	1621
NC_035198.1_orf:1_4	UniRef50_A0A1P8SNT4	40.063	2214	1198	35	45	2213	83	2212	0.0	1592
NC_035198.1_orf:1_4	UniRef50_I3VR62	41.524	2271	1159	48	29	2213	93	2280	0.0	1584
NC_035198.1_orf:1_4	UniRef50_P08544	37.425	2322	1230	53	24	2213	72	2302	0.0	1353
NC_035198.1_orf:1_4	UniRef50_A0A1U9IRU2	35.686	2281	1206	58	22	2213	72	2180	0.0	1157
NC_035198.1_orf:1_4	UniRef50_X2L6K2	33.421	2271	1265	61	23	2214	448	2550	0.0	1093
NC_035198.1_orf:1_4	UniRef50_Q66765	40.454	1278	682	19	948	2213	1081	2291	0.0	933
NC_035198.1_orf:1_4	UniRef50_Q66765	37.129	843	465	22	24	823	63	883	9.57e-139	493
NC_035198.1_orf:1_4	UniRef50_B4YYR0	39.844	1280	691	19	952	2213	162	1380	0.0	892
NC_035198.1_orf:1_4	UniRef50_M4JGH6	40.061	1308	709	23	919	2211	1053	2300	0.0	887
NC_035198.1_orf:1_4	UniRef50_M4JGH6	36.310	851	491	22	25	850	93	917	1.69e-134	479
