NC_034401.1_orf:0_1	UniRef50_P0C760	63.397	2161	772	8	12	2158	1	2156	0.0	2886
NC_034401.1_orf:0_1	UniRef50_D7NVD2	63.961	1429	512	3	145	1571	3	1430	0.0	1947
NC_034401.1_orf:0_1	UniRef50_A0A1B1XXS7	71.234	1175	335	3	985	2158	1	1173	0.0	1806
NC_034401.1_orf:0_1	UniRef50_V9MFU8	65.048	1153	398	4	251	1400	1	1151	0.0	1588
NC_034401.1_orf:0_1	UniRef50_A0A0K0LEI5	61.147	1081	415	4	12	1089	1	1079	0.0	1367
NC_034401.1_orf:0_1	UniRef50_F6L6Q2	72.970	825	221	2	632	1454	1	825	0.0	1288
NC_034401.1_orf:0_1	UniRef50_R4JAI5	60.819	855	332	3	250	1102	1	854	0.0	1087
NC_034401.1_orf:0_1	UniRef50_R4JAI1	70.364	577	170	1	987	1563	1	576	0.0	891
NC_034401.1_orf:0_1	UniRef50_A0A024AXT8	66.722	604	199	2	425	1026	20	623	0.0	845
NC_034401.1_orf:0_1	UniRef50_R4JAH9	72.016	486	134	2	761	1245	2	486	0.0	746
NC_034400.1_orf:2_1	UniRef50_P19475	56.881	436	178	6	9	437	1	433	1.28e-174	502
NC_034400.1_orf:2_1	UniRef50_G1AQJ3	64.286	336	114	2	106	437	2	335	6.90e-157	453
NC_034400.1_orf:2_1	UniRef50_B6RD46	44.213	432	229	5	12	437	11	436	1.78e-124	375
NC_034400.1_orf:2_1	UniRef50_Q9QKC8	52.770	343	157	5	9	349	1	340	7.65e-122	365
NC_034400.1_orf:2_1	UniRef50_A0A140HRP3	49.853	339	162	4	13	347	1	335	6.87e-114	344
NC_034400.1_orf:2_1	UniRef50_A0A068EQW6	51.792	307	143	3	61	364	15	319	1.53e-105	322
NC_034400.1_orf:2_1	UniRef50_V5M1C7	57.519	266	101	2	98	356	3	263	2.69e-104	317
NC_034400.1_orf:2_1	UniRef50_G8CXY2	61.751	217	77	2	227	437	1	217	2.37e-85	267
NC_034400.1_orf:2_1	UniRef50_I0J0W7	53.125	224	101	4	9	231	1	221	5.63e-75	241
NC_034400.1_orf:2_1	UniRef50_C5J3U4	53.110	209	86	2	114	315	1	204	1.18e-68	224
NC_034393.1_orf:2_1	UniRef50_A0A0D5W3U2	55.066	1135	498	4	7	1137	1	1127	0.0	1330
NC_034393.1_orf:2_1	UniRef50_M9QZK8	46.127	1136	601	7	7	1136	1	1131	0.0	1118
NC_034393.1_orf:2_1	UniRef50_Q9WJ31	45.681	1123	597	7	20	1135	23	1139	0.0	1080
NC_034393.1_orf:2_1	UniRef50_Q83887	46.091	1100	572	9	22	1111	21	1109	0.0	1077
NC_034393.1_orf:2_1	UniRef50_A0A1P8DAM0	45.075	1127	609	7	15	1136	12	1133	0.0	1075
NC_034393.1_orf:2_1	UniRef50_Q806Y7	45.526	1140	595	14	9	1136	6	1131	0.0	1031
NC_034393.1_orf:2_1	UniRef50_C7EMH7	45.917	1139	591	13	9	1136	5	1129	0.0	1031
NC_034393.1_orf:2_1	UniRef50_M9QY05	42.105	1140	644	8	4	1136	5	1135	0.0	989
NC_034393.1_orf:2_1	UniRef50_A0A075IFP0	42.143	1120	612	13	26	1135	23	1116	0.0	937
NC_034393.1_orf:2_1	UniRef50_H8XZP8	51.842	733	350	3	406	1136	1	732	0.0	840
NC_034151.1_orf:1_1	UniRef50_Q32ZD4	72.383	3429	941	5	6	3432	1	3425	0.0	5368
NC_034151.1_orf:1_1	UniRef50_P06935	64.934	3425	1186	9	6	3421	1	3419	0.0	4789
NC_034151.1_orf:1_1	UniRef50_G1CRV4	65.228	3428	1185	6	7	3432	3	3425	0.0	4746
NC_034151.1_orf:1_1	UniRef50_Q32ZE1	57.072	3429	1438	19	17	3432	12	3419	0.0	4089
NC_034151.1_orf:1_1	UniRef50_P17763	51.979	3436	1588	34	8	3431	6	3391	0.0	3675
NC_034151.1_orf:1_1	UniRef50_A0A1B1WVR7	61.542	2413	916	8	6	2409	1	2410	0.0	3168
NC_034151.1_orf:1_1	UniRef50_C8XPA9	45.775	3432	1795	35	19	3432	7	3390	0.0	3119
NC_034151.1_orf:1_1	UniRef50_P03314	45.645	3444	1806	37	14	3432	8	3410	0.0	3117
NC_034151.1_orf:1_1	UniRef50_C5H431	46.211	3391	1768	31	48	3421	41	3392	0.0	3101
NC_034151.1_orf:1_1	UniRef50_A0A1J0RKC4	63.124	2202	807	5	6	2204	1	2200	0.0	3015
NC_034151.1_orf:1_1	UniRef50_A0A1J0RKC4	72.948	743	201	0	2683	3425	2679	3421	0.0	1173
