NC_034449.1_orf:0_1	UniRef50_B2X7D3	67.460	252	75	2	7	258	1	245	3.26e-119	347
NC_034449.1_orf:0_1	UniRef50_A0A0D3R1G6	33.824	272	138	6	7	258	1	250	2.60e-36	136
NC_034449.1_orf:0_2	UniRef50_B2X7D4	79.213	178	37	0	13	190	1	178	1.70e-106	310
NC_034449.1_orf:0_3	UniRef50_B2X7D6	81.119	143	26	1	7	149	1	142	1.65e-86	256
NC_034449.1_orf:0_4	UniRef50_B2X7D8	66.987	624	199	2	19	636	1	623	0.0	906
NC_034449.1_orf:0_4	UniRef50_A0A0D3R1B8	42.962	547	298	4	69	610	50	587	1.95e-165	493
NC_034449.1_orf:0_4	UniRef50_T2FH62	31.985	544	354	7	62	593	29	568	1.58e-93	308
NC_034449.1_orf:0_4	UniRef50_A0A0D3R1L8	31.625	566	366	9	80	632	43	600	1.75e-88	294
NC_034449.1_orf:0_4	UniRef50_A0A0D3R1P1	35.569	492	296	10	87	570	51	529	1.78e-88	294
NC_034449.1_orf:0_4	UniRef50_A0A0D3R170	29.910	555	374	6	79	625	54	601	3.84e-84	284
NC_034449.1_orf:0_4	UniRef50_A0A0D3R1E7	30.688	567	375	10	80	635	42	601	5.41e-84	283
NC_034449.1_orf:0_4	UniRef50_A0A0D3R1Z2	31.776	535	352	8	80	607	111	639	8.86e-81	276
NC_034449.1_orf:0_4	UniRef50_D3GGL7	28.179	582	365	14	76	616	116	685	1.19e-68	244
NC_034449.1_orf:0_4	UniRef50_A0A0D3R1F2	28.309	544	331	18	64	593	54	552	1.27e-53	200
NC_034449.1_orf:1_1	UniRef50_B2X7D7	78.788	198	42	0	7	204	1	198	3.65e-120	345
NC_034449.1_orf:1_1	UniRef50_A0A0D3R137	41.500	200	112	3	7	204	1	197	6.30e-53	175
NC_034449.1_orf:1_1	UniRef50_A0A0D3R1S6	28.440	218	131	8	7	204	1	213	2.57e-13	73.6
NC_034449.1_orf:1_1	UniRef50_T2FG93	26.852	216	137	6	7	204	1	213	9.48e-11	66.6
NC_034449.1_orf:1_1	UniRef50_A0A0D3R1S8	24.631	203	136	5	7	196	1	199	2.98e-10	65.1
NC_034449.1_orf:1_1	UniRef50_H8XWF2	26.500	200	124	7	7	195	1	188	6.82e-10	64.3
NC_034449.1_orf:1_1	UniRef50_A0A0D3R257	24.257	202	143	5	7	202	1	198	3.47e-08	59.7
NC_034449.1_orf:1_1	UniRef50_D3GGL5	26.904	197	135	5	7	196	1	195	9.86e-08	58.2
NC_034449.1_orf:1_1	UniRef50_A0A059U1M2	25.000	208	131	7	11	203	7	204	6.41e-07	56.2
NC_034449.1_orf:1_1	UniRef50_A0A096ZGV3	23.153	203	134	6	7	196	1	194	5.11e-06	53.5
NC_034449.1_orf:1_2	UniRef50_A0A221LCG7	69.811	106	31	1	7	111	1	106	5.56e-49	158
NC_034449.1_orf:1_2	UniRef50_B2X7D9	77.679	112	24	1	1	111	16	127	8.65e-42	140
NC_034449.1_orf:1_3	UniRef50_B2X7E0	83.192	2118	356	0	7	2124	1	2118	0.0	3719
NC_034449.1_orf:1_3	UniRef50_D3GGM2	49.197	2118	1032	22	20	2123	12	2099	0.0	2051
NC_034449.1_orf:1_3	UniRef50_A0A0D3R1N4	49.739	2111	1023	22	34	2122	31	2125	0.0	2041
NC_034449.1_orf:1_3	UniRef50_Q91DR9	43.297	2111	1129	24	27	2122	8	2065	0.0	1684
NC_034449.1_orf:1_3	UniRef50_E7D0U6	42.682	2118	1156	24	30	2122	2	2086	0.0	1670
NC_034449.1_orf:1_3	UniRef50_A0A0B5KTT2	41.466	2074	1170	23	46	2108	29	2069	0.0	1609
NC_034449.1_orf:1_3	UniRef50_P03523	41.739	2082	1155	23	10	2082	6	2038	0.0	1607
NC_034449.1_orf:1_3	UniRef50_Q9E784	42.657	2145	1139	31	33	2117	20	2133	0.0	1603
NC_034449.1_orf:1_3	UniRef50_A0A0D3R164	42.843	2012	1100	17	34	2018	13	2001	0.0	1600
NC_034449.1_orf:1_3	UniRef50_A0A0B5KXL1	41.001	2117	1189	19	17	2111	4	2082	0.0	1598
NC_034449.1_orf:2_1	UniRef50_B2X7D1	90.553	434	41	0	18	451	7	440	0.0	837
NC_034449.1_orf:2_1	UniRef50_A0A0D3R1K1	45.266	433	231	2	19	451	1	427	1.08e-151	444
NC_034449.1_orf:2_1	UniRef50_A0A0D3R117	43.280	439	239	2	19	451	1	435	1.06e-138	412
NC_034449.1_orf:2_1	UniRef50_Q8B6S2	42.539	449	231	2	19	451	1	438	1.64e-138	411
NC_034449.1_orf:2_1	UniRef50_D3GGK8	41.898	432	246	2	19	450	1	427	4.45e-134	400
NC_034449.1_orf:2_1	UniRef50_A0A096ZGU0	36.866	434	264	3	19	451	1	425	3.40e-103	321
NC_034449.1_orf:2_1	UniRef50_Q65474	35.897	429	273	1	19	447	1	427	1.72e-98	309
NC_034449.1_orf:2_1	UniRef50_D8V070	37.674	430	260	3	19	447	1	423	1.44e-96	304
NC_034449.1_orf:2_1	UniRef50_A0A097A599	35.417	432	269	3	24	447	6	435	2.08e-93	296
NC_034449.1_orf:2_1	UniRef50_A0A0C5CF17	36.627	415	258	2	33	447	15	424	3.06e-92	293
NC_034449.1_orf:2_2	UniRef50_B2X7D5	73.958	192	50	0	7	198	1	192	4.94e-106	309
NC_034449.1_orf:2_2	UniRef50_A0A221LCF6	69.110	191	59	0	7	197	1	191	8.99e-101	296
NC_034448.1_orf:0_1	UniRef50_A0A0D3R246	100.000	72	0	0	3	74	1	72	3.11e-44	143
NC_034448.1_orf:0_2	UniRef50_A0A0D3R240	100.000	167	0	0	11	177	1	167	3.15e-122	348
NC_034448.1_orf:0_2	UniRef50_A0A0D3R156	43.976	166	93	0	12	177	1	166	8.28e-36	129
NC_034448.1_orf:0_2	UniRef50_T2FGJ3	33.735	166	109	1	12	177	1	165	9.56e-21	90.9
NC_034448.1_orf:0_3	UniRef50_A0A0D3R1Y1	100.000	159	0	0	7	165	1	159	5.52e-115	329
NC_034448.1_orf:0_3	UniRef50_T2FGM6	31.677	161	106	3	7	165	1	159	1.34e-19	87.4
NC_034448.1_orf:0_3	UniRef50_A0A0D3R1Z9	21.250	160	125	1	7	165	1	160	8.88e-05	48.5
NC_034448.1_orf:0_5	UniRef50_A0A0D3R1J3	100.000	102	0	0	22	123	1	102	8.24e-65	198
NC_034448.1_orf:0_6	UniRef50_B2X7E0	52.986	2110	955	19	25	2107	18	2117	0.0	2240
NC_034448.1_orf:0_6	UniRef50_D3GGM2	50.832	2103	995	19	18	2106	21	2098	0.0	2122
NC_034448.1_orf:0_6	UniRef50_A0A0D3R1N4	50.941	2126	1005	20	14	2112	17	2131	0.0	2069
NC_034448.1_orf:0_6	UniRef50_E7D0U6	43.417	2119	1146	22	13	2110	4	2090	0.0	1697
NC_034448.1_orf:0_6	UniRef50_P03523	43.587	2035	1113	18	42	2066	29	2038	0.0	1687
NC_034448.1_orf:0_6	UniRef50_A0A0D3R164	42.926	2085	1125	27	46	2096	33	2086	0.0	1646
NC_034448.1_orf:0_6	UniRef50_A0A0B5KXL1	41.908	2107	1185	18	17	2108	13	2095	0.0	1645
NC_034448.1_orf:0_6	UniRef50_Q91DR9	42.583	2083	1144	23	40	2110	27	2069	0.0	1633
NC_034448.1_orf:0_6	UniRef50_Q9E784	43.280	2128	1126	25	30	2095	19	2127	0.0	1632
NC_034448.1_orf:0_6	UniRef50_A0A249Y6Z0	43.054	2102	1125	27	34	2110	20	2074	0.0	1625
NC_034448.1_orf:1_1	UniRef50_A0A0D3R117	73.165	436	113	1	12	443	1	436	0.0	698
NC_034448.1_orf:1_1	UniRef50_Q8B6S2	69.932	439	125	1	12	443	1	439	0.0	672
NC_034448.1_orf:1_1	UniRef50_B2X7D1	45.977	435	229	2	12	442	8	440	2.04e-149	439
NC_034448.1_orf:1_1	UniRef50_A0A0D3R1K1	45.940	431	229	1	12	442	1	427	1.39e-142	421
NC_034448.1_orf:1_1	UniRef50_D3GGK8	42.130	432	247	2	12	443	1	429	2.77e-118	359
NC_034448.1_orf:1_1	UniRef50_A0A096ZGU0	36.952	433	265	2	12	443	1	426	4.26e-100	312
NC_034448.1_orf:1_1	UniRef50_Q65474	37.560	418	261	0	21	438	10	427	1.49e-98	308
NC_034448.1_orf:1_1	UniRef50_A0A097A599	36.552	435	262	4	20	443	9	440	1.73e-96	303
NC_034448.1_orf:1_1	UniRef50_A0A0D3R1B9	34.783	437	279	3	9	443	2	434	5.10e-90	287
NC_034448.1_orf:1_1	UniRef50_A0A0D3R128	33.810	420	275	2	24	441	13	431	8.91e-88	281
NC_034448.1_orf:1_2	UniRef50_A0A0D3R1I8	100.000	229	0	0	11	239	1	229	2.81e-167	467
NC_034448.1_orf:1_2	UniRef50_A0A0D3R0Y7	41.473	258	121	6	11	239	1	257	2.30e-43	154
NC_034448.1_orf:1_2	UniRef50_A0A077CZ48	37.021	235	138	5	11	239	1	231	3.42e-34	129
NC_034448.1_orf:1_2	UniRef50_A0A0D3R1U1	27.731	238	142	8	18	239	5	228	3.74e-18	87.8
NC_034448.1_orf:1_2	UniRef50_A0A0D3R1H2	28.631	241	142	6	18	237	5	236	4.77e-17	84.7
NC_034448.1_orf:1_4	UniRef50_A0A0D3R1L8	100.000	602	0	0	6	607	1	602	0.0	1267
NC_034448.1_orf:1_4	UniRef50_T2FH62	51.064	564	270	3	2	560	1	563	0.0	624
NC_034448.1_orf:1_4	UniRef50_A0A0D3R1E7	49.396	579	285	3	12	589	6	577	0.0	608
NC_034448.1_orf:1_4	UniRef50_A0A0D3R170	39.652	633	346	12	1	607	10	632	2.04e-165	493
NC_034448.1_orf:1_4	UniRef50_A0A0D3R1P1	38.728	519	298	7	30	542	25	529	1.16e-127	395
NC_034448.1_orf:1_4	UniRef50_B2X7D8	32.283	508	331	7	48	551	68	566	2.43e-82	278
NC_034448.1_orf:1_4	UniRef50_D3GGL7	28.020	596	380	11	44	593	116	708	2.24e-80	275
NC_034448.1_orf:1_4	UniRef50_A0A0D3R1B8	31.048	525	330	10	46	558	59	563	7.21e-80	271
NC_034448.1_orf:1_4	UniRef50_A0A0D3R1Z2	28.421	570	390	8	42	605	105	662	4.08e-78	268
NC_034448.1_orf:1_4	UniRef50_A0A0D3R1F2	27.395	522	314	17	46	553	68	538	1.23e-46	180
NC_034448.1_orf:2_1	UniRef50_A0A0D3R1C2	100.000	77	0	0	9	85	1	77	9.05e-49	155
NC_034448.1_orf:2_2	UniRef50_A0A0D3R1M3	100.000	162	0	0	27	188	1	162	9.18e-118	337
NC_034448.1_orf:2_2	UniRef50_T2FGV0	29.630	162	107	3	27	184	1	159	3.11e-15	77.0
NC_034448.1_orf:2_2	UniRef50_A0A0D3R1F5	25.309	162	114	3	27	184	1	159	1.57e-06	53.9
NC_034448.1_orf:2_2	UniRef50_A0A0D3R1J1	24.390	164	112	3	27	184	1	158	1.73e-05	50.8
NC_034448.1_orf:2_3	UniRef50_T2FG93	58.482	224	90	2	15	235	1	224	1.31e-82	253
NC_034448.1_orf:2_3	UniRef50_A0A0D3R1S8	42.152	223	122	2	15	235	1	218	2.69e-50	170
NC_034448.1_orf:2_3	UniRef50_A0A0D3R1S6	37.557	221	122	7	15	228	1	212	7.95e-37	136
NC_034448.1_orf:2_3	UniRef50_UPI0008DB7DE3	26.733	202	129	4	17	218	11	193	1.99e-14	77.0
NC_034448.1_orf:2_3	UniRef50_D3GGL5	25.123	203	140	4	16	217	5	196	1.75e-13	74.3
NC_034448.1_orf:2_3	UniRef50_A0A0D3R137	30.198	202	122	6	15	213	1	186	2.66e-12	71.2
NC_034448.1_orf:2_3	UniRef50_UPI0008DB84F1	29.586	169	109	3	54	219	28	189	3.04e-12	71.2
NC_034448.1_orf:2_3	UniRef50_A0A0D3R0Y0	29.448	163	108	5	76	233	56	216	2.33e-10	66.2
NC_034448.1_orf:2_3	UniRef50_A0A0D3R257	25.000	212	137	7	15	220	1	196	5.04e-10	65.1
NC_034448.1_orf:2_3	UniRef50_B2X7D7	26.667	210	142	5	15	224	1	198	7.50e-10	64.3
NC_034447.1_orf:0_2	UniRef50_A0A077CZ48	70.996	231	67	0	18	248	1	231	7.55e-109	320
NC_034447.1_orf:0_2	UniRef50_A0A0D3R0Y7	37.743	257	134	5	18	248	1	257	2.75e-43	154
NC_034447.1_orf:0_2	UniRef50_A0A0D3R1I8	33.047	233	150	4	18	248	1	229	2.95e-32	125
NC_034447.1_orf:0_2	UniRef50_A0A0D3R1U1	27.686	242	147	8	21	248	1	228	2.52e-15	80.1
NC_034447.1_orf:0_2	UniRef50_A0A0D3R1H2	29.289	239	141	10	21	240	1	230	1.31e-10	67.4
NC_034447.1_orf:0_3	UniRef50_T2FG93	89.732	224	23	0	11	234	1	224	2.50e-138	394
NC_034447.1_orf:0_3	UniRef50_A0A0D3R1S8	41.071	224	126	2	11	234	1	218	2.14e-44	155
NC_034447.1_orf:0_3	UniRef50_A0A0D3R1S6	36.620	213	119	5	11	215	1	205	1.78e-35	132
NC_034447.1_orf:0_3	UniRef50_A0A097A5A9	25.806	217	137	7	11	212	3	210	8.18e-14	75.9
NC_034447.1_orf:0_3	UniRef50_D3GGL5	27.317	205	134	3	10	212	1	192	2.39e-13	73.9
NC_034447.1_orf:0_3	UniRef50_A0A0D3R137	26.852	216	136	5	11	223	1	197	2.42e-13	73.9
NC_034447.1_orf:0_3	UniRef50_B2X7D7	24.883	213	145	3	11	223	1	198	3.19e-13	73.6
NC_034447.1_orf:0_3	UniRef50_A0A0D3R0Y0	27.222	180	119	5	48	222	32	204	4.60e-11	68.2
NC_034447.1_orf:0_3	UniRef50_A0A0N7IQX4	28.311	219	128	5	12	222	4	201	2.13e-10	66.2
NC_034447.1_orf:0_3	UniRef50_UPI0008DB7DE3	27.660	141	100	2	77	217	55	193	3.72e-10	65.5
NC_034447.1_orf:0_4	UniRef50_T2FH62	81.099	619	116	1	19	637	1	618	0.0	1070
NC_034447.1_orf:0_4	UniRef50_A0A0D3R1E7	53.081	633	261	6	19	637	1	611	0.0	699
NC_034447.1_orf:0_4	UniRef50_A0A0D3R1L8	49.264	611	293	8	29	637	7	602	0.0	612
NC_034447.1_orf:0_4	UniRef50_A0A0D3R170	44.891	597	306	9	55	637	45	632	1.30e-179	530
NC_034447.1_orf:0_4	UniRef50_A0A0D3R1P1	35.468	609	374	10	27	632	5	597	4.00e-126	392
NC_034447.1_orf:0_4	UniRef50_A0A0D3R1B8	30.769	598	375	14	28	614	28	597	2.11e-91	302
NC_034447.1_orf:0_4	UniRef50_B2X7D8	32.967	546	340	8	64	598	67	597	1.59e-90	300
NC_034447.1_orf:0_4	UniRef50_A0A0D3R1Z2	28.650	548	379	6	57	601	103	641	1.76e-81	278
NC_034447.1_orf:0_4	UniRef50_D3GGL7	28.246	570	377	9	63	607	118	680	1.96e-78	271
NC_034447.1_orf:0_4	UniRef50_A0A0D3R1F2	27.048	525	317	15	63	574	68	539	4.67e-43	171
