NC_036390.1_orf:1_2	UniRef50_B5FX44	100.000	233	0	0	5	237	1	233	6.49e-172	479
NC_036390.1_orf:1_2	UniRef50_A0A0D5CDQ3	81.116	233	44	0	5	237	1	233	9.11e-133	380
NC_036390.1_orf:1_2	UniRef50_Q5GA87	54.902	204	92	0	34	237	32	235	1.78e-80	248
NC_036390.1_orf:1_2	UniRef50_Q6E0W8	43.103	232	122	2	16	237	4	235	2.86e-66	211
NC_036390.1_orf:1_3	UniRef50_Q6E0W7	57.338	586	235	6	19	598	13	589	0.0	706
NC_036390.1_orf:1_3	UniRef50_Q5GA86	51.049	572	278	2	30	600	17	587	0.0	632
NC_036390.1_orf:1_3	UniRef50_A0A1W6BQM8	27.322	549	369	11	52	587	72	603	1.04e-62	225
NC_036390.1_orf:1_3	UniRef50_O10236	30.952	462	306	7	52	507	105	559	3.75e-60	219
NC_036390.1_orf:1_3	UniRef50_X2FY34	27.372	548	364	11	52	585	81	608	1.37e-59	217
NC_036390.1_orf:1_3	UniRef50_D5L204	25.365	548	381	9	52	587	71	602	3.08e-55	204
NC_036390.1_orf:1_3	UniRef50_Q6E0X3	23.377	539	391	11	46	577	21	544	8.33e-26	120
NC_036390.1_orf:1_3	UniRef50_A0A0F7LG26	23.624	436	288	16	49	459	46	461	4.08e-18	97.1
NC_036390.1_orf:1_3	UniRef50_P27277	22.645	499	345	20	9	483	8	489	6.62e-10	70.9
NC_036390.1_orf:2_1	UniRef50_Q5GA90	63.882	407	146	1	17	423	1	406	0.0	566
NC_036390.1_orf:2_1	UniRef50_W8SNE5	66.176	340	114	1	84	423	1	339	4.04e-170	489
NC_036390.1_orf:2_1	UniRef50_Q86523	30.933	375	245	6	66	432	52	420	4.67e-52	191
NC_036390.1_orf:2_1	UniRef50_Q6E0X8	24.932	365	242	6	37	381	31	383	3.97e-33	138
NC_036390.1_orf:2_1	UniRef50_X2FY31	27.206	408	265	12	43	427	24	422	1.91e-31	133
NC_036390.1_orf:2_1	UniRef50_A8VSP2	25.137	366	234	8	43	385	27	375	2.59e-28	124
NC_036390.1_orf:2_1	UniRef50_A0A172R2Q5	33.649	211	131	4	175	379	31	238	5.88e-27	115
NC_036390.1_orf:2_1	UniRef50_A0A1W6BQK8	26.000	350	249	8	43	384	27	374	4.71e-24	112
NC_036390.1_orf:2_1	UniRef50_P10550	24.330	448	299	12	21	438	6	443	2.12e-21	104
NC_036390.1_orf:2_1	UniRef50_Q1MWA2	26.728	217	158	1	164	379	152	368	7.44e-19	97.1
NC_036390.1_orf:2_2	UniRef50_B5FX43	99.645	282	1	0	5	286	1	282	0.0	580
NC_036390.1_orf:2_2	UniRef50_Q6E0W9	42.403	283	157	2	5	284	1	280	5.03e-79	248
NC_036390.1_orf:2_2	UniRef50_Q5GA88	40.780	282	165	1	5	284	1	282	5.12e-74	235
NC_036390.1_orf:2_5	UniRef50_Q5GA85	63.448	1926	699	4	10	1934	1	1922	0.0	2527
NC_036390.1_orf:2_5	UniRef50_A0A1W6BQM4	34.730	1742	1028	28	34	1703	14	1718	0.0	983
NC_036390.1_orf:2_5	UniRef50_O10378	35.688	1600	933	33	40	1584	35	1593	0.0	884
NC_036390.1_orf:2_5	UniRef50_Q1MW97	36.056	1151	676	16	238	1364	216	1330	0.0	721
NC_036390.1_orf:2_5	UniRef50_Q6E0X2	35.462	1159	704	16	240	1366	206	1352	0.0	691
NC_036390.1_orf:2_5	UniRef50_A0A0F7LHN2	32.411	1265	778	18	175	1375	172	1423	0.0	652
NC_036390.1_orf:2_5	UniRef50_P31332	30.693	1515	909	33	31	1446	17	1489	0.0	638
NC_036390.1_orf:2_5	UniRef50_A0A0C5KQX4	32.930	1157	720	26	245	1366	197	1332	1.34e-162	557
NC_036390.1_orf:2_5	UniRef50_W8SJH6	70.347	317	94	0	634	950	1	317	1.31e-152	479
NC_036390.1_orf:2_5	UniRef50_A0A1P8D6T1	29.822	1177	777	23	216	1360	172	1331	4.30e-147	512
NC_030791.1_orf:0_1	UniRef50_P27958	70.960	3020	849	20	15	3015	1	3011	0.0	4312
NC_030791.1_orf:0_1	UniRef50_A0A076MDV2	70.820	3026	824	20	15	2986	1	3021	0.0	4287
NC_030791.1_orf:0_1	UniRef50_C7AF12	70.275	3021	862	22	15	3015	1	3005	0.0	4267
NC_030791.1_orf:0_1	UniRef50_A0A1S6R4Q9	67.005	3052	955	17	15	3015	1	3051	0.0	4028
NC_030791.1_orf:0_1	UniRef50_Q81817	70.031	2289	663	13	743	3015	3	2284	0.0	3186
NC_030791.1_orf:0_1	UniRef50_A0A1S6R4P4	72.980	2054	533	15	978	3015	961	3008	0.0	2904
NC_030791.1_orf:0_1	UniRef50_A0A1S6R4P4	90.449	178	16	1	15	191	1	178	5.94e-92	345
NC_030791.1_orf:0_1	UniRef50_A0A1S6R4P4	70.270	222	62	2	496	716	481	699	3.61e-91	342
NC_030791.1_orf:0_1	UniRef50_A0A1S6R4P4	66.667	57	19	0	283	339	269	325	2.12e-15	92.8
NC_030791.1_orf:0_1	UniRef50_A0A1S6R3X6	71.998	1857	514	6	15	1865	1	1857	0.0	2799
NC_030791.1_orf:0_1	UniRef50_A0A1S6R3X6	69.726	1242	360	11	1789	3015	1863	3103	0.0	1641
NC_030791.1_orf:0_1	UniRef50_A0A089ZXH7	47.526	3011	1424	35	14	2977	5	2906	0.0	2574
NC_030791.1_orf:0_1	UniRef50_O41809	70.143	1812	523	15	1215	3015	1	1805	0.0	2509
NC_030791.1_orf:0_1	UniRef50_Q4PQQ6	73.079	1523	402	6	15	1533	1	1519	0.0	2313
NC_030791.1_orf:1_1	UniRef50_P0C045	59.459	111	44	1	1	110	12	122	4.19e-30	112
NC_030791.1_orf:1_1	UniRef50_Q00687	62.136	103	38	1	1	102	5	107	1.98e-29	109
NC_030791.1_orf:1_1	UniRef50_Q68874	56.842	95	41	0	1	95	1	95	3.14e-23	92.8
NC_030791.1_orf:1_1	UniRef50_Q68365	55.556	99	44	0	1	99	2	100	3.69e-21	87.8
NC_030791.1_orf:1_1	UniRef50_Q81289	60.000	70	24	1	1	70	2	67	1.96e-15	72.4
NC_030791.1_orf:1_1	UniRef50_Q91AW2	59.091	66	27	0	34	99	4	69	7.36e-14	68.2
NC_030791.1_orf:1_1	UniRef50_A0A140GMD5	50.549	91	37	3	14	101	17	102	5.30e-10	61.2
NC_030791.1_orf:1_1	UniRef50_Q70GD2	60.000	50	19	1	62	110	72	121	2.80e-06	50.4
NC_030791.1_orf:1_1	UniRef50_A9LL82	65.714	35	12	0	53	87	1	35	1.12e-04	43.9
NC_030791.1_orf:3_11	UniRef50_D1G1Y4	61.017	59	23	0	46	104	1	59	4.20e-15	72.0
