NC_001615.3_orf:0_1	UniRef50_P19692	100.000	345	0	0	2	346	1	345	0.0	713
NC_001615.3_orf:0_1	UniRef50_A0A0F7LI32	26.537	309	200	5	9	290	5	313	6.59e-19	94.0
NC_001615.3_orf:1_1	UniRef50_P10550	100.000	475	0	0	5	479	1	475	0.0	998
NC_001615.3_orf:1_1	UniRef50_Q86523	30.041	243	158	4	138	379	134	365	4.47e-24	113
NC_001615.3_orf:1_1	UniRef50_Q6E0X8	24.048	420	295	7	52	466	50	450	1.46e-21	105
NC_001615.3_orf:1_1	UniRef50_W8SNE5	30.342	234	152	6	155	385	76	301	1.84e-21	103
NC_001615.3_orf:1_1	UniRef50_Q5GA90	29.915	234	153	6	155	385	143	368	7.16e-21	103
NC_001615.3_orf:1_1	UniRef50_Q1MWA2	23.954	263	193	4	153	414	146	402	1.11e-14	84.3
NC_001615.3_orf:1_1	UniRef50_A0A1S5VFF9	25.067	371	239	10	40	395	31	377	1.13e-14	84.3
NC_001615.3_orf:1_1	UniRef50_A0A1W6BQK8	29.570	186	127	2	194	378	185	367	6.49e-13	79.3
NC_001615.3_orf:1_1	UniRef50_X2FY31	22.646	393	266	12	36	409	29	402	8.72e-13	79.0
NC_001615.3_orf:1_1	UniRef50_A0A172R2Q5	25.137	183	133	2	194	375	54	233	9.09e-12	73.2
NC_001615.3_orf:1_2	UniRef50_P21299	100.000	286	0	0	29	314	1	286	0.0	593
NC_001615.3_orf:1_2	UniRef50_A0A0F7LE78	28.309	272	178	5	34	305	5	259	1.10e-27	116
NC_001615.3_orf:1_5	UniRef50_P31332	100.000	2116	0	0	29	2144	1	2116	0.0	4408
NC_001615.3_orf:1_5	UniRef50_A0A0F7LHN2	44.623	2055	1046	25	34	2045	5	2010	0.0	1662
NC_001615.3_orf:1_5	UniRef50_Q1MW97	33.499	1412	814	28	60	1453	31	1335	0.0	742
NC_001615.3_orf:1_5	UniRef50_Q6E0X2	35.766	1233	700	19	230	1429	171	1344	0.0	729
NC_001615.3_orf:1_5	UniRef50_O10378	34.009	1282	727	31	188	1434	168	1365	0.0	655
NC_001615.3_orf:1_5	UniRef50_A0A1W6BQM4	34.370	1190	701	23	265	1430	223	1356	0.0	641
NC_001615.3_orf:1_5	UniRef50_Q5GA85	31.259	1430	856	34	42	1438	21	1356	0.0	635
NC_001615.3_orf:1_5	UniRef50_R4WAJ5	29.896	1154	721	20	307	1425	239	1339	3.09e-150	525
NC_001615.3_orf:1_5	UniRef50_A0A0B5KK98	29.252	1176	748	20	263	1405	200	1324	3.91e-146	513
NC_001615.3_orf:1_5	UniRef50_A0A0C5KQX4	28.906	1197	769	20	263	1438	191	1326	8.67e-142	499
NC_001615.3_orf:2_1	UniRef50_Q89914	100.000	324	0	0	18	341	1	324	0.0	678
NC_001615.3_orf:2_1	UniRef50_A0A0F7LGV9	29.032	310	213	4	35	341	16	321	9.15e-47	168
NC_001615.3_orf:2_3	UniRef50_P27277	100.000	632	0	0	5	636	1	632	0.0	1313
NC_001615.3_orf:2_3	UniRef50_A0A0F7LG26	43.643	582	320	3	5	584	1	576	1.68e-175	520
NC_001615.3_orf:2_3	UniRef50_O10236	26.566	463	311	15	57	507	105	550	4.91e-25	119
NC_001615.3_orf:2_3	UniRef50_A0A1W6BQM8	23.886	561	356	18	61	585	75	600	2.29e-24	116
NC_001615.3_orf:2_3	UniRef50_D5L204	25.612	449	293	13	60	485	73	503	5.31e-24	115
NC_001615.3_orf:2_3	UniRef50_Q6E0X3	22.774	584	407	23	60	622	29	589	1.83e-20	104
NC_001615.3_orf:2_3	UniRef50_X2FY34	24.121	597	383	24	29	591	46	606	6.52e-19	99.4
NC_001615.3_orf:2_3	UniRef50_Q5GA86	23.260	546	369	23	57	577	40	560	9.19e-12	76.6
NC_001615.3_orf:2_3	UniRef50_Q6E0W7	24.051	474	298	22	38	488	28	462	4.17e-09	68.6
NC_001564.2_orf:0_1	UniRef50_UPI0007F90BB2	100.000	258	0	0	15	272	1099	1356	1.48e-179	537
NC_001564.2_orf:0_1	UniRef50_UPI000269ADAD	45.525	257	138	2	15	270	1112	1367	6.70e-57	204
NC_001564.2_orf:0_1	UniRef50_UPI000269ADB1	34.363	259	168	2	15	272	1099	1356	3.39e-29	124
NC_001564.2_orf:1_1	UniRef50_P33515	97.396	3341	87	0	5	3345	1	3341	0.0	6789
NC_001564.2_orf:1_1	UniRef50_M9WEA6	61.220	3360	1245	16	14	3345	12	3341	0.0	4281
NC_001564.2_orf:1_1	UniRef50_A0A142KWE1	45.884	3426	1737	35	19	3344	5	3413	0.0	3100
NC_001564.2_orf:1_1	UniRef50_A0A1S6PCZ4	44.729	3396	1779	36	31	3344	36	3415	0.0	3006
NC_001564.2_orf:1_1	UniRef50_C8AWQ5	47.292	3360	1647	43	54	3343	54	3359	0.0	2984
NC_001564.2_orf:1_1	UniRef50_S6CXM3	43.708	3242	1720	39	75	3246	73	3279	0.0	2693
NC_001564.2_orf:1_1	UniRef50_UPI0007F90BB2	99.638	1104	4	0	5	1108	1	1104	0.0	2282
NC_001564.2_orf:1_1	UniRef50_A0A1C9U5B5	39.655	3364	1853	69	82	3338	36	3329	0.0	2256
NC_001564.2_orf:1_1	UniRef50_A0A1Z1EBU7	39.602	3371	1850	74	82	3340	36	3332	0.0	2182
NC_001564.2_orf:1_1	UniRef50_Q6A4R3	64.151	1537	538	2	696	2231	1	1525	0.0	2100
