NC_035214.1_orf:2_1	UniRef50_A0A0A0P9Y6	52.854	2225	1006	17	18	2234	3	2192	0.0	2375
NC_035214.1_orf:2_1	UniRef50_A9UC61	39.307	1875	1050	31	48	1889	27	1846	0.0	1328
NC_035214.1_orf:2_1	UniRef50_A1XIP9	38.490	1894	1076	30	33	1889	11	1852	0.0	1259
NC_035214.1_orf:2_1	UniRef50_A0A140H459	35.398	2147	1269	40	18	2107	4	2089	0.0	1197
NC_035214.1_orf:2_1	UniRef50_B1PM64	47.595	603	299	7	1300	1889	6	604	3.72e-166	543
NC_035214.1_orf:2_1	UniRef50_D8V5U3	67.433	261	83	1	1374	1634	1	259	2.01e-116	377
NC_035214.1_orf:2_1	UniRef50_V9PRL7	31.586	706	430	12	403	1102	1	659	4.43e-101	348
NC_035214.1_orf:2_1	UniRef50_A0A0H4B4E7	35.740	554	309	16	1199	1733	1638	2163	7.29e-72	277
NC_035214.1_orf:2_1	UniRef50_A0A0H4B4E7	29.870	231	142	4	383	606	883	1100	7.74e-19	103
NC_035214.1_orf:2_1	UniRef50_I1X3K7	30.678	678	410	22	1028	1678	1350	1994	1.48e-68	266
NC_035214.1_orf:2_1	UniRef50_I1X3K7	25.103	243	153	8	319	545	665	894	1.30e-05	60.1
NC_035214.1_orf:2_1	UniRef50_Q3YC01	30.889	641	393	19	1057	1669	6	624	4.03e-68	256
NC_025479.2_orf:0_1	UniRef50_A0A0A0P9Y6	100.000	2192	0	0	37	2228	1	2192	0.0	4569
NC_025479.2_orf:0_1	UniRef50_A9UC61	40.150	2000	1070	41	85	2025	29	1960	0.0	1378
NC_025479.2_orf:0_1	UniRef50_A1XIP9	39.803	1829	1026	27	67	1865	30	1813	0.0	1320
NC_025479.2_orf:0_1	UniRef50_A0A140H459	37.046	2119	1191	44	77	2107	26	2089	0.0	1250
NC_025479.2_orf:0_1	UniRef50_B1PM64	49.648	568	270	5	1308	1865	4	565	1.14e-172	561
NC_025479.2_orf:0_1	UniRef50_D8V5U3	69.582	263	80	0	1384	1646	1	263	1.23e-122	395
NC_025479.2_orf:0_1	UniRef50_V9PRL7	32.706	691	428	15	427	1112	1	659	8.25e-101	348
NC_025479.2_orf:0_1	UniRef50_Q05057	25.804	1554	964	50	332	1764	1357	2842	7.62e-89	333
NC_025479.2_orf:0_1	UniRef50_Q3YC01	31.840	625	373	20	1089	1686	28	626	1.27e-68	257
NC_025479.2_orf:0_1	UniRef50_Q98645	31.279	649	396	22	1077	1700	942	1565	6.92e-68	263
NC_025479.2_orf:0_1	UniRef50_Q98645	44.286	70	39	0	521	590	1	70	2.69e-04	55.5
NC_027926.1_orf:0_1	UniRef50_A9UC61	82.807	2152	367	2	4	2153	1	2151	0.0	3798
NC_027926.1_orf:0_1	UniRef50_A1XIP9	63.168	2172	764	10	4	2153	1	2158	0.0	2935
NC_027926.1_orf:0_1	UniRef50_A0A0A0P9Y6	41.218	1839	1008	27	29	1821	23	1834	0.0	1340
NC_027926.1_orf:0_1	UniRef50_A0A140H459	39.096	1880	1034	41	33	1850	30	1860	0.0	1171
NC_027926.1_orf:0_1	UniRef50_B1PM64	50.218	918	433	5	1252	2153	1	910	0.0	958
NC_027926.1_orf:0_1	UniRef50_D8V5U3	80.989	263	50	0	1333	1595	1	263	5.27e-147	464
NC_027926.1_orf:0_1	UniRef50_D8V5T8	69.708	274	83	0	63	336	1	274	9.49e-130	416
NC_027926.1_orf:0_1	UniRef50_H9TGE3	75.949	237	57	0	959	1195	1	237	4.31e-122	392
NC_027926.1_orf:0_1	UniRef50_V9PRL7	33.286	709	401	18	379	1065	1	659	6.02e-103	354
NC_027926.1_orf:0_1	UniRef50_Q6EWG9	25.598	1504	858	58	243	1636	722	2074	2.05e-78	299
NC_025480.2_orf:0_2	UniRef50_A0A0A0P522	100.000	1167	0	0	9	1175	1	1167	0.0	2429
NC_025480.2_orf:0_2	UniRef50_A0A097IAK0	51.230	1179	520	17	15	1158	25	1183	0.0	1211
NC_025480.2_orf:0_2	UniRef50_S5MGH5	49.627	1205	540	15	13	1164	22	1212	0.0	1166
NC_025480.2_orf:0_2	UniRef50_A1XIQ1	35.537	1210	704	23	12	1161	1	1194	0.0	724
NC_025480.2_orf:0_2	UniRef50_A0N0G4	42.496	673	378	3	502	1165	108	780	0.0	587
NC_025480.2_orf:0_2	UniRef50_V9PRN1	36.607	1008	542	24	135	1083	4	973	0.0	585
NC_025480.2_orf:0_2	UniRef50_A0A140H461	38.505	709	413	10	468	1157	341	1045	1.13e-149	484
NC_025480.2_orf:0_2	UniRef50_A0A140H461	33.333	213	133	3	43	254	32	236	8.71e-29	134
NC_025480.2_orf:0_2	UniRef50_W6AYX9	47.059	238	126	0	662	899	1	238	8.38e-65	227
NC_025480.2_orf:0_2	UniRef50_A0A060AF27	47.953	171	89	0	601	771	1	171	6.63e-48	176
NC_025480.2_orf:0_2	UniRef50_D8V5V9	43.407	182	102	1	966	1146	1	182	1.75e-44	167
