NC_029575.1_orf:1_1	UniRef50_U6CPM6	100.000	2294	0	0	2	2295	1	2294	0.0	4720
NC_029575.1_orf:1_1	UniRef50_C0H5V4	51.927	2309	1083	12	2	2295	1	2297	0.0	2358
NC_029575.1_orf:1_1	UniRef50_G3G862	47.343	2315	1181	13	2	2295	1	2298	0.0	2127
NC_029575.1_orf:1_1	UniRef50_Q6Q305	47.967	2312	1162	18	1	2295	6	2293	0.0	2120
NC_029575.1_orf:1_1	UniRef50_A0A219T3S9	95.932	1057	43	0	194	1250	4	1060	0.0	2095
NC_029575.1_orf:1_1	UniRef50_A0A219T3S8	97.425	971	25	0	1325	2295	1	971	0.0	1958
NC_029575.1_orf:1_1	UniRef50_F8K9Y7	36.597	2063	1187	44	24	2029	28	2026	0.0	1172
NC_029575.1_orf:1_1	UniRef50_A0A140EDB7	32.444	2324	1402	52	27	2282	36	2259	0.0	1048
NC_029575.1_orf:1_1	UniRef50_A0A219T3S7	98.714	311	4	0	1585	1895	1	311	0.0	626
NC_029575.1_orf:1_1	UniRef50_A0A219TZP8	80.808	297	45	3	2	292	1	291	2.70e-147	466
NC_029574.1_orf:0_1	UniRef50_A0A219T3T8	97.403	308	8	0	5	312	1	308	0.0	624
NC_029574.1_orf:0_1	UniRef50_A0A219T3U8	98.537	205	3	0	5	209	1	205	6.76e-149	423
NC_029574.1_orf:0_1	UniRef50_A0A219T3V6	43.092	304	168	4	9	310	1	301	8.25e-84	262
NC_029574.1_orf:0_1	UniRef50_G3G8A2	36.545	301	189	2	10	309	9	308	2.66e-66	217
NC_029574.1_orf:0_1	UniRef50_A0A096VQ29	48.387	217	103	5	98	310	1	212	2.48e-64	209
NC_029574.1_orf:0_1	UniRef50_J7KB99	51.479	169	81	1	127	295	1	168	8.57e-61	198
NC_029574.1_orf:0_1	UniRef50_Q0PI70	35.018	277	179	1	36	311	35	311	4.53e-60	201
NC_029574.1_orf:0_1	UniRef50_Q80IJ5	98.947	95	1	0	218	312	6	100	1.48e-59	192
NC_029574.1_orf:0_1	UniRef50_A0A1A7G9Y4	46.939	98	51	1	111	208	4	100	4.01e-23	99.0
NC_029574.1_orf:0_1	UniRef50_F8K9Y9	27.039	233	159	5	81	311	69	292	3.07e-21	99.0
NC_029569.1_orf:0_1	UniRef50_U6E7B1	100.000	473	0	0	3	475	1	473	0.0	972
NC_029569.1_orf:0_1	UniRef50_A0A219T3X0	85.841	339	48	0	13	351	1	339	0.0	602
NC_029569.1_orf:0_1	UniRef50_A0A0K0M9E3	38.866	476	275	6	3	474	1	464	9.33e-102	319
NC_029569.1_orf:0_1	UniRef50_I2FFQ1	32.008	503	307	10	3	474	1	499	4.56e-70	238
NC_029569.1_orf:0_1	UniRef50_I2FFQ3	32.245	490	307	10	3	474	1	483	2.02e-69	236
NC_029557.1_orf:2_1	UniRef50_U6CMN3	100.000	361	0	0	14	374	1	361	0.0	747
NC_029557.1_orf:2_1	UniRef50_A0A219T3V5	99.308	289	2	0	14	302	1	289	0.0	600
NC_029557.1_orf:2_1	UniRef50_A0A219T3Z1	41.226	359	206	3	17	373	5	360	3.21e-91	285
NC_029557.1_orf:2_1	UniRef50_C8Z2H2	39.944	358	210	3	18	373	6	360	3.67e-80	256
NC_029557.1_orf:2_1	UniRef50_G3G8B5	30.449	312	212	2	55	366	54	360	3.05e-46	169
NC_029557.1_orf:2_1	UniRef50_V5K5N1	46.512	172	91	1	162	332	2	173	7.77e-45	159
NC_029557.1_orf:2_1	UniRef50_T1WGN7	44.248	113	63	0	60	172	2	114	4.92e-26	108
NC_029557.1_orf:2_1	UniRef50_F8K9Z0	24.234	359	251	8	18	360	10	363	2.29e-09	67.0
NC_029557.1_orf:2_1	UniRef50_A0A140EDE7	21.348	267	205	4	6	269	4	268	2.08e-08	63.9
NC_029556.1_orf:2_1	UniRef50_A0A0U5K3I4	98.148	648	12	0	12	659	1	648	0.0	1319
NC_029556.1_orf:2_1	UniRef50_C0MMX3	44.584	637	344	4	17	652	2	630	0.0	588
NC_029556.1_orf:2_1	UniRef50_A0A1W5RTW0	42.610	636	354	5	15	646	2	630	0.0	563
NC_029556.1_orf:2_1	UniRef50_G3G863	41.736	599	342	3	49	645	32	625	4.65e-167	499
NC_029556.1_orf:2_1	UniRef50_A0A0U4CJ32	40.752	638	356	8	19	645	4	630	9.61e-156	471
NC_029556.1_orf:2_1	UniRef50_Q6Q304	39.938	641	372	8	23	659	15	646	7.71e-155	468
NC_029556.1_orf:2_1	UniRef50_A0A219T3U4	52.681	317	150	0	217	533	2	318	7.75e-116	356
NC_029556.1_orf:2_1	UniRef50_A0A0D5BUM2	55.172	232	104	0	212	443	4	235	9.08e-86	275
NC_029556.1_orf:2_1	UniRef50_F8K9Y8	31.992	472	312	7	111	579	109	574	3.53e-72	253
NC_029556.1_orf:2_1	UniRef50_A0A076V7I7	26.060	637	439	16	24	645	37	656	1.19e-50	194
NC_011372.2_orf:2_1	UniRef50_A5YRF7	100.000	225	0	0	1	225	80	304	2.00e-156	458
NC_011372.2_orf:2_1	UniRef50_A9XN83	98.621	145	2	0	1	145	80	224	6.31e-94	291
NC_011372.2_orf:2_1	UniRef50_A0A1B4ZA33	32.906	234	113	8	1	225	82	280	6.56e-22	101
NC_011372.2_orf:2_1	UniRef50_O92614	33.478	230	116	11	1	224	82	280	3.89e-20	96.3
NC_011372.2_orf:2_1	UniRef50_A0A096ZZ71	32.456	228	126	9	1	225	51	253	2.68e-17	87.0
NC_011372.2_orf:2_1	UniRef50_A0A0S4GA55	30.736	231	121	9	1	224	78	276	1.07e-11	72.0
NC_011372.2_orf:2_1	UniRef50_A0A096ZZ68	33.803	213	117	7	13	225	1	189	3.28e-11	69.7
NC_011372.2_orf:2_1	UniRef50_W0G2T3	30.131	229	111	10	1	224	85	269	9.17e-10	66.2
NC_011372.2_orf:2_1	UniRef50_A0A0M4LB29	30.144	209	115	5	18	224	257	436	1.70e-09	65.5
NC_011372.2_orf:2_1	UniRef50_Q18L80	29.596	223	113	12	6	224	82	264	2.24e-08	62.0
NC_011372.2_orf:2_2	UniRef50_A5YRF7	100.000	74	0	0	1	74	306	379	3.09e-41	149
NC_011372.2_orf:2_2	UniRef50_A0A1B4ZA33	56.757	74	32	0	1	74	282	355	2.07e-19	87.8
NC_011372.2_orf:2_2	UniRef50_A0A0F6NRW0	60.000	70	24	2	1	66	50	119	2.18e-18	85.1
NC_011372.2_orf:2_2	UniRef50_A0A096ZZ71	53.750	80	31	1	1	74	255	334	1.26e-17	82.0
NC_011372.2_orf:2_2	UniRef50_A0A0M4KRB6	50.685	73	35	1	1	73	282	353	4.59e-16	78.6
NC_011372.2_orf:2_2	UniRef50_A0A096ZZ75	56.061	66	29	0	1	66	1	66	8.53e-16	77.4
NC_011372.2_orf:2_2	UniRef50_A0A0M4KGZ4	51.948	77	28	1	2	69	283	359	2.75e-15	76.3
NC_011372.2_orf:2_2	UniRef50_A0A023J4L6	50.000	78	33	1	1	72	157	234	4.02e-15	75.9
NC_011372.2_orf:2_2	UniRef50_O92614	46.250	80	35	2	1	73	283	361	2.45e-14	73.6
NC_011372.2_orf:2_2	UniRef50_A0A075IWS4	48.649	74	38	0	1	74	367	440	3.42e-14	73.2
NC_011372.2_orf:2_3	UniRef50_A5YRF7	100.000	74	0	0	1	74	415	488	1.09e-41	150
NC_011372.2_orf:2_3	UniRef50_A0A1B4ZA33	72.973	74	20	0	1	74	387	460	6.63e-28	112
NC_011372.2_orf:2_3	UniRef50_A9XN83	98.182	55	1	0	20	74	223	277	8.56e-28	111
NC_011372.2_orf:2_3	UniRef50_A0A0M4L081	62.162	74	27	1	1	74	350	422	6.07e-20	89.4
NC_011372.2_orf:2_3	UniRef50_A0A0M4LD25	62.667	75	27	1	1	74	444	518	2.53e-19	87.8
NC_011372.2_orf:2_3	UniRef50_A0A023ULS2	63.014	73	25	2	1	73	427	497	6.61e-19	86.7
NC_011372.2_orf:2_3	UniRef50_Q6EH18	59.459	74	29	1	1	74	210	282	7.24e-19	86.3
NC_011372.2_orf:2_3	UniRef50_A0A0M4KGZ4	59.459	74	29	1	1	74	395	467	1.20e-18	85.9
NC_011372.2_orf:2_3	UniRef50_O92614	65.333	75	23	3	1	74	394	466	2.55e-18	84.7
NC_011372.2_orf:2_3	UniRef50_A0A0S4GA55	56.757	74	30	2	1	74	390	461	6.23e-17	80.9
NC_011372.2_orf:2_4	UniRef50_A9XN83	100.000	178	0	0	1	178	279	456	8.66e-122	360
NC_011372.2_orf:2_4	UniRef50_A5YRF7	100.000	178	0	0	1	178	490	667	1.47e-119	361
NC_034485.1_orf:2_1	UniRef50_P0C760	69.898	2156	644	1	13	2163	1	2156	0.0	3187
NC_034485.1_orf:2_1	UniRef50_D7NVD2	84.944	1428	215	0	146	1573	3	1430	0.0	2619
NC_034485.1_orf:2_1	UniRef50_A0A0K0LEI5	96.664	1079	36	0	13	1091	1	1079	0.0	2193
NC_034485.1_orf:2_1	UniRef50_A0A1B1XXS7	68.930	1178	359	3	988	2163	1	1173	0.0	1748
NC_034485.1_orf:2_1	UniRef50_V9MFU8	70.026	1151	345	0	252	1402	1	1151	0.0	1721
NC_034485.1_orf:2_1	UniRef50_R4JAI5	83.489	854	141	0	251	1104	1	854	0.0	1524
NC_034485.1_orf:2_1	UniRef50_F6L6Q2	70.545	825	241	1	634	1456	1	825	0.0	1246
NC_034485.1_orf:2_1	UniRef50_R4JAI1	88.194	576	68	0	990	1565	1	576	0.0	1115
NC_034485.1_orf:2_1	UniRef50_A0A024AXT8	79.615	623	127	0	407	1029	1	623	0.0	1049
NC_034485.1_orf:2_1	UniRef50_M9QU41	95.652	483	21	0	609	1091	6	488	0.0	981
NC_034484.1_orf:2_1	UniRef50_P19475	61.894	433	160	1	13	440	1	433	0.0	577
NC_034484.1_orf:2_1	UniRef50_G1AQJ3	70.448	335	98	1	107	440	1	335	2.09e-178	508
NC_034484.1_orf:2_1	UniRef50_Q9QKC8	56.433	342	145	2	13	352	1	340	8.79e-143	418
NC_034484.1_orf:2_1	UniRef50_A0A140HRP3	54.925	335	150	1	17	350	1	335	9.99e-140	410
NC_034484.1_orf:2_1	UniRef50_B6RD46	47.717	438	219	4	7	440	5	436	8.52e-139	411
NC_034484.1_orf:2_1	UniRef50_V5M1C7	61.509	265	97	2	98	359	1	263	2.79e-119	355
NC_034484.1_orf:2_1	UniRef50_G8CXY2	66.359	217	68	1	229	440	1	217	1.19e-97	298
NC_034484.1_orf:2_1	UniRef50_A0A068EQW6	50.725	276	133	2	92	367	47	319	1.38e-92	289
NC_034484.1_orf:2_1	UniRef50_I0J0W7	56.561	221	96	0	13	233	1	221	5.83e-91	281
NC_034484.1_orf:2_1	UniRef50_A0A0D5XQA2	58.605	215	88	1	19	232	4	218	4.34e-81	256
NC_034474.1_orf:1_1	UniRef50_M9QY05	89.552	1139	119	0	14	1152	1	1139	0.0	2136
NC_034474.1_orf:1_1	UniRef50_Q806Y7	62.069	1131	426	2	21	1151	7	1134	0.0	1504
NC_034474.1_orf:1_1	UniRef50_C7EMH7	62.455	1116	418	1	36	1151	18	1132	0.0	1480
NC_034474.1_orf:1_1	UniRef50_Q83887	55.771	1135	493	7	22	1151	7	1137	0.0	1316
NC_034474.1_orf:1_1	UniRef50_Q9WJ31	53.083	1119	516	5	35	1147	24	1139	0.0	1305
NC_034474.1_orf:1_1	UniRef50_H8XZP8	70.612	735	216	0	417	1151	1	735	0.0	1151
NC_034474.1_orf:1_1	UniRef50_A0A0D5W3U2	44.956	1130	610	8	24	1148	4	1126	0.0	1066
NC_034474.1_orf:1_1	UniRef50_Q1HE07	59.817	764	306	1	34	797	18	780	0.0	996
NC_034474.1_orf:1_1	UniRef50_A0A075IFP0	42.832	1116	608	15	40	1147	23	1116	0.0	957
NC_034474.1_orf:1_1	UniRef50_A0A1P8DAM0	40.893	1142	657	12	19	1150	2	1135	0.0	938
NC_029054.2_orf:0_1	UniRef50_C8XPA9	71.475	3383	960	4	1	3380	1	3381	0.0	5249
NC_029054.2_orf:0_1	UniRef50_C5H431	59.282	3399	1363	15	5	3390	14	3404	0.0	4259
NC_029054.2_orf:0_1	UniRef50_P03314	56.241	3405	1465	16	6	3390	12	3411	0.0	4021
NC_029054.2_orf:0_1	UniRef50_Q7T918	49.129	3385	1685	23	32	3390	52	3425	0.0	3382
NC_029054.2_orf:0_1	UniRef50_Q32ZE1	46.827	3404	1731	40	35	3389	46	3419	0.0	3095
NC_029054.2_orf:0_1	UniRef50_P06935	45.535	3404	1777	28	33	3381	41	3422	0.0	3024
NC_029054.2_orf:0_1	UniRef50_Q32ZD4	45.463	3372	1778	31	50	3378	61	3414	0.0	3016
NC_029054.2_orf:0_1	UniRef50_P17763	45.337	3399	1785	38	16	3382	28	3385	0.0	3008
NC_029054.2_orf:0_1	UniRef50_G1CRV4	45.312	3381	1801	27	35	3379	47	3415	0.0	2954
NC_029054.2_orf:0_1	UniRef50_A0A218KFE7	42.465	3424	1838	46	14	3377	19	3370	0.0	2656
