NC_035219.1_orf:0_3	UniRef50_S5MGH5	100.000	1222	0	0	66	1287	1	1222	0.0	2559
NC_035219.1_orf:0_3	UniRef50_A0A097IAK0	56.616	1194	492	7	89	1281	25	1193	0.0	1409
NC_035219.1_orf:0_3	UniRef50_A0A0A0P522	49.627	1205	540	15	87	1277	5	1156	0.0	1152
NC_035219.1_orf:0_3	UniRef50_A1XIQ1	34.444	1231	706	23	87	1264	2	1184	0.0	682
NC_035219.1_orf:0_3	UniRef50_A0N0G4	40.249	723	414	4	559	1269	55	771	0.0	582
NC_035219.1_orf:0_3	UniRef50_A0A140H461	38.260	724	428	10	553	1266	327	1041	1.17e-156	505
NC_035219.1_orf:0_3	UniRef50_A0A140H461	26.801	347	228	8	96	428	1	335	1.28e-26	127
NC_035219.1_orf:0_3	UniRef50_V9PRN1	40.992	605	340	3	595	1195	382	973	1.21e-149	484
NC_035219.1_orf:0_3	UniRef50_V9PRN1	36.111	108	68	1	207	313	4	111	1.63e-13	84.7
NC_035219.1_orf:0_3	UniRef50_W6AYX9	45.378	238	130	0	763	1000	1	238	1.40e-64	227
NC_035219.1_orf:0_3	UniRef50_D8V5V9	45.055	182	99	1	1079	1259	1	182	6.38e-45	168
NC_035219.1_orf:0_3	UniRef50_A0A060AF27	43.860	171	96	0	702	872	1	171	1.24e-43	164
NC_035219.1_orf:2_2	UniRef50_S5MZG4	100.000	211	0	0	2	212	1	211	2.12e-154	433
NC_035219.1_orf:2_2	UniRef50_A0A0A0P3S7	42.130	216	106	4	2	212	1	202	1.69e-42	149
NC_035219.1_orf:2_2	UniRef50_J9PD86	27.404	208	122	6	2	205	1	183	2.14e-10	65.5
NC_035219.1_orf:2_2	UniRef50_A1XIQ0	29.464	112	78	1	2	112	1	112	9.99e-07	55.1
NC_035219.1_orf:2_2	UniRef50_A0A140H460	28.571	98	69	1	2	99	1	97	2.56e-06	54.7
NC_035218.1_orf:0_1	UniRef50_A0A0A0P9Y6	52.675	2206	1007	17	50	2233	2	2192	0.0	2341
NC_035218.1_orf:0_1	UniRef50_A9UC61	39.599	1846	1037	23	114	1924	70	1872	0.0	1328
NC_035218.1_orf:0_1	UniRef50_A1XIP9	38.192	1825	1040	27	82	1865	36	1813	0.0	1248
NC_035218.1_orf:0_1	UniRef50_A0A140H459	38.497	1969	1094	39	88	1979	32	1960	0.0	1224
NC_035218.1_orf:0_1	UniRef50_B1PM64	47.780	563	283	6	1311	1865	6	565	1.26e-160	528
NC_035218.1_orf:0_1	UniRef50_D8V5U3	67.816	261	81	1	1385	1642	1	261	1.26e-115	375
NC_035218.1_orf:0_1	UniRef50_V9PRL7	32.851	691	426	11	431	1115	1	659	7.04e-101	348
NC_035218.1_orf:0_1	UniRef50_Q98645	32.234	667	389	21	1062	1701	935	1565	1.01e-66	260
NC_035218.1_orf:0_1	UniRef50_Q83034	32.335	668	389	21	1062	1702	2790	3421	1.44e-66	261
NC_035218.1_orf:0_1	UniRef50_Q83034	37.640	178	110	1	417	594	1749	1925	2.19e-25	125
NC_035218.1_orf:0_1	UniRef50_Q3YC01	31.111	630	392	17	1076	1680	12	624	5.40e-66	249
NC_035215.1_orf:0_1	UniRef50_A0A140H461	100.000	1054	0	0	43	1096	1	1054	0.0	2189
NC_035215.1_orf:0_1	UniRef50_V9PRN1	45.741	634	324	8	383	1012	356	973	0.0	564
NC_035215.1_orf:0_1	UniRef50_V9PRN1	41.284	109	64	0	165	273	5	113	2.86e-18	99.8
NC_035215.1_orf:0_1	UniRef50_S5MGH5	38.260	724	428	10	369	1083	488	1201	1.29e-156	504
NC_035215.1_orf:0_1	UniRef50_S5MGH5	27.221	349	228	8	41	377	29	363	6.00e-28	131
NC_035215.1_orf:0_1	UniRef50_A0N0G4	37.906	678	390	9	418	1082	108	767	4.53e-156	490
NC_035215.1_orf:0_1	UniRef50_A0A097IAK0	38.667	675	398	7	412	1083	517	1178	3.19e-152	492
NC_035215.1_orf:0_1	UniRef50_A0A097IAK0	30.263	228	152	3	51	273	26	251	1.28e-26	127
NC_035215.1_orf:0_1	UniRef50_A0A0A0P522	38.505	709	413	10	383	1087	460	1149	2.29e-149	484
NC_035215.1_orf:0_1	UniRef50_A0A0A0P522	33.333	213	133	3	74	278	35	246	7.50e-29	134
NC_035215.1_orf:0_1	UniRef50_A1XIQ1	38.633	673	391	9	421	1085	530	1188	1.45e-148	483
NC_035215.1_orf:0_1	UniRef50_A1XIQ1	32.526	289	179	7	43	325	1	279	2.85e-30	139
NC_035215.1_orf:0_1	UniRef50_A0A140H490	99.419	172	1	0	77	248	1	172	8.38e-116	362
NC_035215.1_orf:0_1	UniRef50_W6AYX9	56.723	238	103	0	583	820	1	238	1.92e-87	289
NC_035215.1_orf:0_1	UniRef50_D8V5V9	40.437	183	106	2	897	1077	2	183	6.31e-39	150
NC_035215.1_orf:2_1	UniRef50_A0A140H460	100.000	233	0	0	23	255	1	233	9.11e-168	469
NC_035215.1_orf:2_1	UniRef50_A0A0A0P3S7	31.655	139	89	2	23	160	1	134	7.94e-11	67.8
NC_035215.1_orf:2_1	UniRef50_A1XIQ0	32.370	173	111	3	23	189	1	173	6.29e-09	62.0
NC_035215.1_orf:2_1	UniRef50_J9PD86	33.673	98	63	2	23	118	1	98	7.06e-07	56.2
NC_035215.1_orf:2_1	UniRef50_S5MZG4	25.828	151	105	3	23	171	1	146	5.44e-06	54.3
