NC_028471.1_orf:0_1	UniRef50_A0A0C4KMX4	66.906	139	46	0	33	171	16	154	6.53e-54	189
NC_028471.1_orf:0_1	UniRef50_A0A1W6R549	49.606	127	63	1	41	166	29	155	2.05e-29	120
NC_028471.1_orf:0_1	UniRef50_Q9WJ23	46.939	147	73	3	25	166	7	153	1.22e-27	115
NC_028471.1_orf:0_1	UniRef50_A0A0S4GA85	48.819	127	61	3	41	166	29	152	1.23e-27	115
NC_028471.1_orf:0_1	UniRef50_Q9WJ22	44.295	149	75	5	21	166	7	150	3.15e-25	108
NC_028471.1_orf:0_1	UniRef50_A0A096ZZ74	40.268	149	82	4	23	167	7	152	1.16e-23	99.4
NC_028471.1_orf:0_1	UniRef50_A0A0C6EUF1	37.333	150	88	2	19	166	5	150	1.35e-22	101
NC_028471.1_orf:0_1	UniRef50_Q6Q2W5	46.491	114	55	2	59	166	2	115	9.01e-15	79.0
NC_028471.1_orf:0_1	UniRef50_A0A1B4ZA49	47.748	111	50	4	54	161	41	146	1.61e-14	78.2
NC_028471.1_orf:0_1	UniRef50_A0A0S1WF57	34.483	145	86	5	27	166	11	151	7.61e-13	73.2
NC_028471.1_orf:0_2	UniRef50_A0A0C4KMX4	82.653	98	17	0	1	98	187	284	1.45e-50	176
NC_028471.1_orf:0_2	UniRef50_A0A1W6R549	48.387	93	48	0	5	97	198	290	1.39e-22	98.2
NC_028471.1_orf:0_2	UniRef50_Q3S498	79.245	53	11	0	45	97	7	59	6.71e-22	89.0
NC_028471.1_orf:0_2	UniRef50_Q9WJ23	48.387	93	48	0	3	95	200	292	1.03e-20	92.8
NC_028471.1_orf:0_2	UniRef50_Q6Q2W5	79.245	53	11	0	45	97	194	246	3.46e-19	88.6
NC_028471.1_orf:0_2	UniRef50_A0A0H4CUK7	59.016	61	25	0	37	97	218	278	2.97e-18	85.9
NC_028471.1_orf:0_2	UniRef50_E7BMX2	66.667	54	18	0	42	95	34	87	6.39e-18	78.6
NC_028471.1_orf:0_2	UniRef50_Q9WJ22	48.780	82	41	1	15	96	198	278	1.84e-17	83.6
NC_028471.1_orf:0_2	UniRef50_A0A0S4GA85	56.338	71	31	0	25	95	214	284	2.98e-17	83.2
NC_028471.1_orf:0_2	UniRef50_Q6GYC2	56.364	55	24	0	44	98	231	285	4.07e-14	73.9
NC_028471.1_orf:0_3	UniRef50_A0A0C4KMX4	80.556	72	14	0	1	72	359	430	1.38e-33	128
NC_028471.1_orf:0_3	UniRef50_A0A0S1WF57	71.831	71	20	0	2	72	358	428	1.45e-28	112
NC_028471.1_orf:0_3	UniRef50_A0A0S4GA85	74.648	71	18	0	2	72	362	432	3.85e-28	112
NC_028471.1_orf:0_3	UniRef50_Q9WJ23	70.423	71	21	0	2	72	369	439	1.98e-27	110
NC_028471.1_orf:0_3	UniRef50_Q6GYC2	74.648	71	18	0	2	72	360	430	3.10e-27	110
NC_028471.1_orf:0_3	UniRef50_Q9WJ22	70.423	71	21	0	2	72	355	425	1.88e-26	107
NC_028471.1_orf:0_3	UniRef50_A0A1B4ZA49	64.789	71	25	0	2	72	361	431	2.18e-25	104
NC_028471.1_orf:0_3	UniRef50_W5ZQ48	68.571	70	22	0	3	72	359	428	3.12e-25	104
NC_028471.1_orf:0_3	UniRef50_Q9WJ24	67.143	70	23	0	3	72	369	438	2.49e-24	102
NC_028471.1_orf:0_3	UniRef50_A0A1W6R549	70.423	71	21	0	2	72	364	434	5.94e-24	100
NC_028471.1_orf:0_4	UniRef50_A0A0C4KMX4	62.360	178	67	0	1	178	472	649	3.71e-70	232
NC_028471.1_orf:0_4	UniRef50_Q9WJ23	29.714	175	122	1	5	178	485	659	1.26e-17	87.4
NC_028471.1_orf:0_4	UniRef50_A0A1W6R549	28.652	178	125	2	2	178	477	653	1.48e-14	78.6
NC_028471.1_orf:0_4	UniRef50_A0A0S4GA85	25.287	174	130	0	5	178	477	650	6.97e-10	65.1
NC_028471.1_orf:0_4	UniRef50_Q9WJ22	26.036	169	107	2	17	178	482	639	4.45e-07	57.0
NC_028471.1_orf:0_4	UniRef50_A0A096ZZ50	24.719	178	129	3	5	178	2	178	2.39e-06	53.9
NC_028471.1_orf:0_4	UniRef50_A0A096ZZ81	23.204	181	134	3	2	178	194	373	7.46e-06	53.1
NC_026811.2_orf:0_11	UniRef50_G9FGR8	100.000	207	0	0	2	208	1	207	1.09e-153	431
NC_026811.2_orf:0_12	UniRef50_G9FGS2	100.000	178	0	0	29	206	1	178	4.75e-130	370
NC_026811.2_orf:0_13	UniRef50_G9FGS5	100.000	126	0	0	16	141	1	126	7.32e-85	251
NC_026811.2_orf:1_3	UniRef50_G9FGR6	99.788	1413	2	1	15	1426	1990	3402	0.0	2927
NC_026811.2_orf:1_3	UniRef50_A0A089G1B4	32.594	1307	718	40	78	1283	2126	3370	5.67e-156	533
NC_026811.2_orf:1_3	UniRef50_Q6SJE7	31.181	1456	821	45	44	1385	34	1422	1.65e-154	513
NC_026811.2_orf:1_3	UniRef50_A0A1Z2RX77	32.370	1418	796	48	32	1357	2039	3385	1.17e-153	526
NC_026811.2_orf:1_3	UniRef50_Q04561	32.381	1365	766	40	44	1310	2425	3730	2.83e-151	519
NC_026811.2_orf:1_3	UniRef50_A0A0U2I4W0	32.522	1356	775	43	40	1310	1160	2460	2.61e-149	512
NC_026811.2_orf:1_3	UniRef50_Q9WJB2	31.760	1335	756	39	44	1283	2531	3805	9.45e-149	511
NC_026811.2_orf:1_3	UniRef50_A0A0A1G6M8	32.167	1315	750	40	78	1302	71	1333	9.93e-144	484
NC_026811.2_orf:1_3	UniRef50_Q68772	32.015	1315	752	39	78	1302	2175	3437	1.02e-140	487
NC_026811.2_orf:1_3	UniRef50_A0A0B6C113	31.512	1263	735	35	108	1283	2181	3400	1.10e-140	487
NC_026811.2_orf:1_4	UniRef50_G9FGS1	100.000	83	0	0	14	96	1	83	1.56e-55	173
NC_026811.2_orf:1_5	UniRef50_G9FGS3	100.000	78	0	0	2	79	1	78	6.15e-49	155
NC_026811.2_orf:2_2	UniRef50_G9FGR7	100.000	1998	0	0	5	2002	1	1998	0.0	4115
NC_026811.2_orf:2_2	UniRef50_G9FGR6	99.950	1992	1	0	5	1996	1	1992	0.0	4093
NC_026811.2_orf:2_2	UniRef50_A0A1Z2RX77	26.831	1215	752	35	850	1990	864	2015	1.25e-74	286
NC_026811.2_orf:2_2	UniRef50_A0A1Z2RX68	26.531	1225	761	36	850	1998	863	2024	2.04e-72	279
NC_026811.2_orf:2_2	UniRef50_A3QVP9	25.487	1436	837	54	470	1833	267	1541	7.30e-66	257
NC_026811.2_orf:2_2	UniRef50_P19811	25.526	1426	851	53	469	1833	266	1541	1.50e-65	257
NC_026811.2_orf:2_2	UniRef50_A0A0B5JKI4	27.246	1013	611	36	804	1764	1029	1967	6.67e-65	254
NC_026811.2_orf:2_2	UniRef50_A0A0B5JQL5	27.246	1013	611	36	804	1764	1047	1985	8.80e-65	254
NC_026811.2_orf:2_2	UniRef50_A0A0C5AZ98	26.042	1152	652	37	469	1574	266	1263	1.14e-62	245
NC_026811.2_orf:2_2	UniRef50_Q68772	26.486	1178	667	43	892	1991	1042	2098	5.62e-60	239
NC_026811.2_orf:2_7	UniRef50_G9FGS0	100.000	217	0	0	15	231	1	217	3.27e-158	443
NC_026811.2_orf:2_8	UniRef50_G9FGS4	100.000	180	0	0	21	200	1	180	1.11e-129	369
NC_024808.1_orf:0_2	UniRef50_Q67683	82.796	558	94	2	7	562	282	839	0.0	989
NC_024808.1_orf:0_2	UniRef50_Q8V3U5	69.910	555	162	4	10	562	314	865	0.0	803
NC_024808.1_orf:0_2	UniRef50_Q6EWP0	70.040	504	147	3	61	562	1	502	0.0	738
NC_024808.1_orf:0_2	UniRef50_B6UQC5	63.600	500	177	5	4	501	316	812	0.0	672
NC_024808.1_orf:0_2	UniRef50_G1C112	64.087	504	179	2	1	502	292	795	0.0	665
NC_024808.1_orf:0_2	UniRef50_Q9DX77	63.174	334	117	3	199	531	1	329	3.98e-154	452
NC_024808.1_orf:0_2	UniRef50_Q5JZX9	73.444	241	63	1	61	300	1	241	1.43e-126	377
NC_024808.1_orf:0_2	UniRef50_Q5NJA8	96.721	183	5	1	62	243	1	183	4.62e-122	363
NC_024808.1_orf:0_2	UniRef50_P22958	39.764	508	289	11	2	496	193	696	7.44e-109	348
NC_024808.1_orf:0_2	UniRef50_A0A1L3KFW2	40.959	459	249	8	61	501	1	455	8.39e-109	341
NC_024808.1_orf:0_3	UniRef50_Q67685	77.907	258	57	0	5	262	1	258	3.65e-147	419
NC_024808.1_orf:0_3	UniRef50_A0A059UED0	68.421	171	54	0	5	175	1	171	5.38e-83	253
NC_024808.1_orf:0_3	UniRef50_Q66129	41.150	226	131	2	9	233	3	227	4.52e-53	180
NC_024808.1_orf:0_3	UniRef50_A0A1U8YLV2	41.102	236	134	3	5	239	1	232	4.54e-50	172
NC_024808.1_orf:0_3	UniRef50_C7T4Z6	36.866	217	131	3	9	220	4	219	8.46e-31	123
NC_024808.1_orf:0_3	UniRef50_P03604	27.807	187	123	6	7	186	11	192	1.64e-07	59.3
NC_024808.1_orf:0_3	UniRef50_A0A286KYG9	27.717	184	121	6	10	186	14	192	4.27e-07	57.4
NC_024808.1_orf:1_1	UniRef50_Q67683	51.361	294	119	13	6	287	4	285	3.85e-67	231
NC_024808.1_orf:1_1	UniRef50_Q5JZY1	33.019	318	170	11	6	287	4	314	6.29e-29	119
NC_024808.1_orf:1_1	UniRef50_Q84693	33.003	303	171	11	9	287	7	301	1.27e-27	115
NC_024808.1_orf:1_1	UniRef50_Q8V3U5	32.268	313	179	10	6	287	4	314	3.06e-27	119
NC_024808.1_orf:1_1	UniRef50_A0A1L3KFQ6	53.012	83	38	1	206	287	231	313	1.14e-19	94.7
NC_024808.1_orf:1_1	UniRef50_A0A1L3KFQ6	42.424	66	35	3	4	66	1	66	2.75e-05	53.1
NC_024808.1_orf:1_1	UniRef50_A0A059UMF5	51.351	74	36	0	214	287	48	121	2.88e-17	83.6
NC_024808.1_orf:1_1	UniRef50_A0A1L6UUR7	51.190	84	39	2	205	287	240	322	1.09e-16	86.7
NC_024808.1_orf:1_1	UniRef50_B6UQC5	51.190	84	39	2	205	287	240	322	6.30e-16	85.9
NC_024808.1_orf:1_1	UniRef50_A0A1U8YLV1	49.425	87	43	1	202	287	233	319	1.04e-14	80.9
NC_024808.1_orf:1_1	UniRef50_G1C112	31.955	266	157	11	5	250	3	264	3.02e-13	78.2
NC_024808.1_orf:2_3	UniRef50_Q67684	50.813	246	119	1	21	264	6	251	3.41e-67	216
NC_024808.1_orf:2_3	UniRef50_Q80PB3	38.819	237	144	1	29	264	1	237	3.54e-34	130
NC_024808.1_orf:2_3	UniRef50_G0KUS6	40.179	224	131	1	34	257	6	226	1.58e-33	129
NC_024808.1_orf:2_3	UniRef50_Q84695	34.335	233	142	2	24	252	4	229	3.66e-30	120
NC_024808.1_orf:2_3	UniRef50_A0A059UJN3	39.181	171	104	0	34	204	12	182	3.49e-19	89.7
NC_024808.1_orf:2_3	UniRef50_A0A1L3KG29	31.718	227	152	3	29	253	1	226	5.20e-19	90.9
NC_024808.1_orf:2_3	UniRef50_Q9DX76	29.614	233	155	3	29	256	1	229	4.73e-13	74.7
NC_024808.1_orf:2_3	UniRef50_A0A1U8YLV3	34.158	202	111	5	29	219	1	191	4.43e-12	72.0
