NC_035483.1_orf:5_1	UniRef50_P28976	85.994	2863	395	6	11	2872	1	2858	0.0	5097
NC_035483.1_orf:5_1	UniRef50_A0A0B4V235	47.571	2779	1414	19	87	2840	74	2834	0.0	2558
NC_035483.1_orf:5_1	UniRef50_F8TVS1	45.152	2826	1521	15	58	2876	45	2848	0.0	2418
NC_035483.1_orf:5_1	UniRef50_A0A0D4D8C6	38.535	2717	1547	38	89	2744	77	2731	0.0	1834
NC_035483.1_orf:5_1	UniRef50_J9RYJ8	99.412	510	3	0	995	1504	1	510	0.0	1043
NC_035483.1_orf:5_1	UniRef50_A0A1B0UW80	100.000	332	0	0	150	481	1	332	0.0	703
NC_035483.1_orf:5_1	UniRef50_E1U542	85.886	333	47	0	2394	2726	1	333	2.25e-179	561
NC_035483.1_orf:5_1	UniRef50_G4V516	89.003	291	32	0	1777	2067	1	291	4.68e-175	547
NC_035483.1_orf:5_1	UniRef50_D9IU69	94.505	273	15	0	1208	1480	1	273	5.39e-173	540
NC_035483.1_orf:5_1	UniRef50_X5CZW3	43.248	585	329	2	1658	2241	1	583	4.74e-157	508
NC_035482.1_orf:1_1	UniRef50_P36292	84.818	303	44	2	6	308	1	301	0.0	523
NC_035482.1_orf:1_1	UniRef50_Q8BAE5	91.324	219	19	0	69	287	1	219	7.65e-153	434
NC_035482.1_orf:1_1	UniRef50_F5B558	97.283	184	5	0	125	308	1	184	3.19e-131	377
NC_035482.1_orf:1_1	UniRef50_A0A172PDT1	83.217	143	24	0	104	246	3	145	5.09e-85	259
NC_035482.1_orf:1_1	UniRef50_I3PCT2	45.070	284	151	3	23	304	30	310	2.82e-77	245
NC_035482.1_orf:1_1	UniRef50_Q8V6X2	41.577	279	162	1	25	302	21	299	1.59e-74	238
NC_035482.1_orf:1_1	UniRef50_A0A0D4D8J8	42.437	238	135	2	68	304	68	304	6.79e-65	213
NC_035482.1_orf:1_1	UniRef50_X5CJH0	48.705	193	98	1	101	292	1	193	8.90e-65	210
NC_035482.1_orf:1_1	UniRef50_Q0Z808	49.324	148	74	1	112	258	1	148	4.90e-45	157
NC_035482.1_orf:3_1	UniRef50_P36291	81.322	1135	211	1	29	1162	1	1135	0.0	1953
NC_035482.1_orf:3_1	UniRef50_I3PCT1	37.675	1144	643	17	69	1157	29	1157	0.0	778
NC_035482.1_orf:3_1	UniRef50_A0A0C5DKC4	99.725	364	1	0	345	708	1	364	0.0	758
NC_035482.1_orf:3_1	UniRef50_B5U1W9	67.623	488	158	0	457	944	1	488	0.0	717
NC_035482.1_orf:3_1	UniRef50_A0A140XEN8	37.765	1038	601	19	148	1158	111	1130	0.0	717
NC_035482.1_orf:3_1	UniRef50_X5F3H5	83.721	344	56	0	797	1140	1	344	0.0	625
NC_035482.1_orf:3_1	UniRef50_A0A173DPQ9	85.152	330	49	0	164	493	1	330	0.0	580
NC_035482.1_orf:3_1	UniRef50_A0A0D4D8M7	32.167	1029	632	14	138	1130	84	1082	1.12e-177	559
NC_035482.1_orf:3_1	UniRef50_A0A173DPZ8	81.185	287	53	1	504	789	1	287	1.20e-164	496
NC_035482.1_orf:3_1	UniRef50_A0A1U9YIC9	37.830	719	418	17	115	816	64	770	5.01e-148	471
NC_035471.1_orf:0_1	UniRef50_A0A1L6C003	99.109	1234	11	0	1	1234	2	1235	0.0	2538
NC_035471.1_orf:0_1	UniRef50_A0A1L6BZZ8	49.959	1231	602	10	3	1231	1	1219	0.0	1129
NC_035471.1_orf:0_1	UniRef50_A0A1L6C007	44.765	1108	579	14	107	1210	1	1079	0.0	845
NC_035471.1_orf:0_1	UniRef50_A0A120KKH2	28.505	1291	783	38	13	1219	5	1239	1.46e-116	401
NC_035471.1_orf:0_1	UniRef50_I3UJM4	29.272	755	471	27	487	1219	905	1618	2.34e-52	211
NC_035471.1_orf:0_1	UniRef50_I3UJM4	25.127	394	242	13	38	389	36	418	3.23e-13	84.0
NC_035471.1_orf:0_1	UniRef50_I7A6L0	29.007	755	455	29	493	1216	874	1578	9.87e-48	196
NC_035471.1_orf:0_1	UniRef50_I7A6L0	23.940	401	236	15	38	389	36	416	1.39e-09	72.0
NC_035471.1_orf:0_1	UniRef50_P29324	27.867	750	498	22	493	1231	966	1683	1.85e-45	189
NC_035471.1_orf:0_1	UniRef50_P29324	22.283	368	243	9	57	389	55	414	8.67e-12	79.3
NC_035471.1_orf:0_1	UniRef50_F5BB17	27.429	700	455	22	486	1159	963	1635	2.86e-44	185
NC_035471.1_orf:0_1	UniRef50_F5BB17	23.858	394	267	11	23	390	25	411	9.80e-16	92.0
NC_035471.1_orf:0_1	UniRef50_V9TIS6	28.070	741	468	27	466	1177	851	1555	3.95e-43	181
NC_035471.1_orf:0_1	UniRef50_V9TIS6	24.156	385	253	10	38	389	36	414	1.35e-17	98.2
NC_035471.1_orf:0_1	UniRef50_Q67724	24.508	1220	745	48	131	1210	154	1337	1.35e-42	179
NC_035471.1_orf:1_11	UniRef50_A0A1L6C005	100.000	631	0	0	5	635	1	631	0.0	1300
NC_035471.1_orf:1_11	UniRef50_A0A1L6C009	41.043	441	234	8	22	451	17	442	2.59e-101	330
NC_035471.1_orf:1_11	UniRef50_A0A1L6C001	37.718	631	344	18	13	612	1	613	2.81e-101	330
NC_035471.1_orf:1_11	UniRef50_A0A1W6JGR5	27.913	412	258	14	26	409	40	440	2.57e-30	135
NC_035471.1_orf:1_11	UniRef50_Q9JH65	30.000	350	219	10	17	350	30	369	8.20e-28	127
NC_035471.1_orf:1_11	UniRef50_C0KCT8	29.722	360	223	12	63	400	61	412	2.57e-27	126
NC_035471.1_orf:1_11	UniRef50_A0A1C9ULA6	27.945	365	229	10	33	373	44	398	1.14e-26	124
NC_035471.1_orf:1_11	UniRef50_Q9Q3G5	26.852	432	277	12	29	437	43	458	1.24e-25	120
NC_035471.1_orf:1_11	UniRef50_A0A1Q1N6P6	29.076	368	230	9	61	403	62	423	1.84e-25	120
NC_035471.1_orf:1_11	UniRef50_C0KCU0	27.513	378	243	12	30	385	31	399	4.28e-25	119
NC_035471.1_orf:2_4	UniRef50_A0A1L6BZZ9	90.084	474	47	0	42	515	1	474	0.0	737
NC_035465.1_orf:0_1	UniRef50_A0A076E579	75.793	4036	790	20	1744	5633	1917	5911	0.0	6360
NC_035465.1_orf:0_1	UniRef50_A0A076E579	60.887	496	186	3	328	816	550	1044	1.91e-178	633
NC_035465.1_orf:0_1	UniRef50_A0A076E579	37.989	179	99	2	79	257	1	167	3.08e-23	119
NC_035465.1_orf:0_1	UniRef50_A0A076E579	28.295	258	167	7	1264	1515	2526	2771	5.27e-07	66.2
NC_035465.1_orf:0_1	UniRef50_A0A076E579	27.010	311	199	10	822	1108	2494	2800	2.20e-05	60.8
NC_035465.1_orf:0_1	UniRef50_A0A076Q4Q2	76.477	3928	798	21	1745	5633	1963	5803	0.0	6253
NC_035465.1_orf:0_1	UniRef50_A0A076Q4Q2	47.704	392	143	5	1104	1488	1363	1699	2.67e-61	246
NC_035465.1_orf:0_1	UniRef50_A0A076Q4Q2	42.759	145	75	1	79	223	1	137	1.14e-23	121
NC_035465.1_orf:0_1	UniRef50_A0A076PY83	76.447	3923	798	21	1745	5628	1963	5798	0.0	6216
NC_035465.1_orf:0_1	UniRef50_A0A076PY83	47.792	385	153	4	1104	1488	1363	1699	7.69e-62	248
NC_035465.1_orf:0_1	UniRef50_A0A076PY83	42.759	145	75	1	79	223	1	137	1.04e-23	121
NC_035465.1_orf:0_1	UniRef50_A0A1L3KJ67	30.394	2257	1456	44	3427	5628	1036	3232	0.0	1077
NC_035465.1_orf:0_1	UniRef50_A0A1L3KJ67	33.152	184	109	4	3153	3323	809	991	1.18e-13	88.2
NC_035465.1_orf:0_1	UniRef50_A0A1L3KIY4	30.163	1840	1186	43	3811	5628	3382	5144	0.0	756
NC_035465.1_orf:0_1	UniRef50_A0A1L3KIY4	23.673	245	164	6	3155	3387	2805	3038	2.60e-08	70.5
NC_035465.1_orf:0_1	UniRef50_A0A0F6PN25	26.508	1724	1076	53	3924	5610	1524	3093	1.12e-146	526
NC_035465.1_orf:0_1	UniRef50_A0A0F6PMZ2	26.508	1724	1076	53	3924	5610	1524	3093	1.20e-145	525
