NC_036608.1_orf:2_1	UniRef50_Q8V6X2	64.803	304	103	2	6	307	1	302	9.34e-145	417
NC_036608.1_orf:2_1	UniRef50_X5CJH0	66.667	213	71	0	102	314	1	213	4.41e-106	315
NC_036608.1_orf:2_1	UniRef50_Q0Z808	75.000	148	37	0	113	260	1	148	3.41e-80	247
NC_036608.1_orf:2_1	UniRef50_Q8BAE5	47.489	219	114	1	70	288	1	218	4.48e-73	232
NC_036608.1_orf:2_1	UniRef50_P36292	44.000	250	138	2	39	288	33	280	6.24e-69	224
NC_036608.1_orf:2_1	UniRef50_I3PCT2	44.915	236	126	3	70	303	74	307	7.68e-66	216
NC_036608.1_orf:2_1	UniRef50_A0A0D4D8J8	35.762	302	185	4	1	302	7	299	2.56e-61	204
NC_036608.1_orf:2_1	UniRef50_F5B558	53.374	163	75	1	126	288	1	162	2.49e-59	195
NC_036608.1_orf:2_1	UniRef50_A0A172PDT1	44.444	144	79	1	105	248	3	145	2.13e-39	142
NC_036608.1_orf:3_1	UniRef50_A0A140XEN8	60.263	1140	432	6	16	1138	1	1136	0.0	1485
NC_036608.1_orf:3_1	UniRef50_C0LE07	55.603	1160	438	26	16	1138	1	1120	0.0	1209
NC_036608.1_orf:3_1	UniRef50_A0A1U9YIC9	70.930	774	221	2	16	788	1	771	0.0	1162
NC_036608.1_orf:3_1	UniRef50_P36291	37.560	1041	607	20	105	1127	113	1128	0.0	719
NC_036608.1_orf:3_1	UniRef50_I3PCT1	34.361	1135	670	16	23	1111	12	1117	0.0	652
NC_036608.1_orf:3_1	UniRef50_A0A1U9YIC1	69.266	436	131	1	16	451	1	433	0.0	620
NC_036608.1_orf:3_1	UniRef50_Q4VZZ5	71.756	393	110	1	106	497	11	403	0.0	581
NC_036608.1_orf:3_1	UniRef50_A0A0D4D8M7	32.302	1034	616	25	113	1098	87	1084	4.30e-170	538
NC_036608.1_orf:3_1	UniRef50_B5U1W9	36.072	499	306	7	419	916	2	488	1.42e-103	342
NC_036608.1_orf:3_1	UniRef50_K9UQZ0	73.288	146	39	0	306	451	3	148	1.97e-72	244
NC_036607.1_orf:3_1	UniRef50_A0A0B4V235	77.059	2877	651	4	11	2881	1	2874	0.0	4725
NC_036607.1_orf:3_1	UniRef50_P28976	45.348	2805	1453	29	84	2848	77	2841	0.0	2391
NC_036607.1_orf:3_1	UniRef50_F8TVS1	43.777	2780	1500	26	87	2843	76	2815	0.0	2311
NC_036607.1_orf:3_1	UniRef50_A0A0D4D8C6	39.101	2780	1561	38	62	2773	53	2768	0.0	1809
NC_036607.1_orf:3_1	UniRef50_X5CZW3	79.931	583	116	1	1656	2238	2	583	0.0	976
NC_036607.1_orf:3_1	UniRef50_G8FPY6	92.040	402	32	0	908	1309	1	402	0.0	771
NC_036607.1_orf:3_1	UniRef50_J9RYJ8	59.804	510	204	1	993	1501	1	510	0.0	627
NC_036607.1_orf:3_1	UniRef50_D6QZ52	91.912	272	22	0	1206	1477	1	272	3.02e-171	535
NC_036607.1_orf:3_1	UniRef50_D9IU69	67.766	273	87	1	1206	1477	1	273	2.51e-121	392
NC_036607.1_orf:3_1	UniRef50_I1V0D6	64.683	252	88	1	1215	1465	1	252	1.48e-104	343
NC_036606.1_orf:2_1	UniRef50_A0A076JQF4	39.130	253	148	2	9	255	1	253	1.89e-55	186
NC_036606.1_orf:2_1	UniRef50_P22025	39.921	253	146	2	9	255	1	253	4.16e-52	177
NC_036606.1_orf:2_1	UniRef50_I1SV58	31.020	245	163	2	14	255	3	244	1.95e-34	131
NC_036606.1_orf:2_1	UniRef50_F4ZCK3	32.520	246	160	2	14	256	3	245	6.32e-34	130
NC_036606.1_orf:2_1	UniRef50_W8JDM5	29.796	245	162	3	14	255	3	240	2.89e-30	120
NC_036606.1_orf:2_1	UniRef50_A9YQ89	42.484	153	85	1	106	255	6	158	1.59e-29	116
NC_036606.1_orf:2_1	UniRef50_P21700	29.825	228	154	2	14	238	3	227	3.83e-29	117
NC_036606.1_orf:2_1	UniRef50_P12793	31.174	247	163	2	14	256	3	246	1.02e-28	116
NC_036606.1_orf:2_1	UniRef50_A0A0B5KS60	29.583	240	163	3	19	255	11	247	2.76e-28	115
NC_036606.1_orf:2_1	UniRef50_A0A075EIE9	31.321	265	157	9	3	252	140	394	7.52e-26	112
NC_036605.1_orf:1_1	UniRef50_A0A0B5KTY2	39.075	1016	594	13	8	1007	5	1011	0.0	786
NC_036605.1_orf:1_1	UniRef50_A0A076JP40	38.703	987	592	7	3	982	2	982	0.0	768
NC_036605.1_orf:1_1	UniRef50_P09613	38.345	991	586	9	22	998	22	1001	0.0	756
NC_036605.1_orf:1_1	UniRef50_A0A0B5KFF4	27.995	843	532	21	122	957	84	858	6.84e-89	312
NC_036605.1_orf:1_1	UniRef50_I1SV55	24.494	939	646	20	106	998	275	1196	2.53e-77	284
NC_036605.1_orf:1_1	UniRef50_A0A0C5ARY4	24.432	925	619	20	106	982	412	1304	3.79e-73	273
NC_036605.1_orf:1_1	UniRef50_P21401	25.484	930	624	24	98	985	263	1165	9.45e-72	268
NC_036605.1_orf:1_1	UniRef50_I1ST83	23.746	977	648	25	92	1005	409	1351	3.93e-68	258
NC_036605.1_orf:1_1	UniRef50_A0A1L3KPK7	26.774	747	494	18	225	939	486	1211	1.21e-67	256
NC_036605.1_orf:1_1	UniRef50_R4I3L7	24.946	922	612	26	106	987	421	1302	3.86e-67	254
NC_036604.1_orf:1_1	UniRef50_P33453	52.264	2120	982	17	6	2112	1	2103	0.0	2262
NC_036604.1_orf:1_1	UniRef50_A0A0B5KXU7	46.244	2130	1105	19	7	2112	8	2121	0.0	1861
NC_036604.1_orf:1_1	UniRef50_A0A0B5KRW0	39.455	2167	1232	29	4	2112	4	2148	0.0	1470
NC_036604.1_orf:1_1	UniRef50_A0A0B5KKE5	40.111	1987	1127	29	7	1964	7	1959	0.0	1417
NC_036604.1_orf:1_1	UniRef50_A0A0B5KTU2	39.494	1937	1111	28	57	1964	60	1964	0.0	1323
NC_036604.1_orf:1_1	UniRef50_I1SV56	35.496	2096	1298	27	37	2112	32	2093	0.0	1265
NC_036604.1_orf:1_1	UniRef50_U5XLH5	34.527	2094	1282	31	15	2055	11	2068	0.0	1197
NC_036604.1_orf:1_1	UniRef50_P27316	35.350	2000	1220	28	36	2005	31	1987	0.0	1191
NC_036604.1_orf:1_1	UniRef50_J3TRD1	34.701	2121	1268	36	7	2074	3	2059	0.0	1142
NC_036604.1_orf:1_1	UniRef50_I3QI28	34.177	2133	1302	35	7	2100	3	2072	0.0	1119
