NC_016992.1_orf:0_2	UniRef50_A0A0K0PVT0	92.329	3637	261	4	2	3636	1	3621	0.0	6982
NC_016992.1_orf:0_2	UniRef50_A0A0K0PUY2	92.301	3637	262	4	2	3636	1	3621	0.0	6966
NC_016992.1_orf:0_2	UniRef50_H9BR24	44.759	2862	1444	42	845	3636	775	3569	0.0	2411
NC_016992.1_orf:0_2	UniRef50_H9BR24	27.890	545	362	14	36	575	38	556	4.44e-37	164
NC_016992.1_orf:0_2	UniRef50_H9BR16	44.076	2929	1464	43	817	3636	748	3611	0.0	2394
NC_016992.1_orf:0_2	UniRef50_H9BR16	26.203	790	494	18	2	719	1	773	6.44e-59	237
NC_016992.1_orf:0_2	UniRef50_A0A0M3R806	30.759	2253	1338	56	1521	3629	1740	3914	0.0	986
NC_016992.1_orf:0_2	UniRef50_A0A0M3R806	30.172	348	204	7	956	1277	1000	1334	3.98e-33	152
NC_016992.1_orf:0_2	UniRef50_A0A1U9WYI3	31.020	2205	1310	55	1563	3629	1792	3923	0.0	979
NC_016992.1_orf:0_2	UniRef50_A0A1U9WYI3	30.769	351	198	9	956	1277	1009	1343	1.08e-33	153
NC_016992.1_orf:0_2	UniRef50_P0C6V3	31.504	2187	1314	51	1567	3629	1796	3922	0.0	974
NC_016992.1_orf:0_2	UniRef50_P0C6V3	29.888	358	218	11	952	1284	1005	1354	1.06e-31	147
NC_016992.1_orf:0_2	UniRef50_P0C6Y1	31.476	2189	1312	52	1567	3629	1796	3922	0.0	972
NC_016992.1_orf:0_2	UniRef50_P0C6Y1	29.888	358	218	11	952	1284	1005	1354	2.11e-31	146
NC_016992.1_orf:0_2	UniRef50_B2BW32	28.273	2444	1463	69	1390	3626	1529	3889	0.0	845
NC_016992.1_orf:0_2	UniRef50_B2BW32	29.730	148	90	3	977	1113	868	1012	4.13e-10	75.9
NC_016992.1_orf:0_2	UniRef50_V5TFC3	28.220	2438	1472	67	1390	3626	1529	3889	0.0	839
NC_016992.1_orf:0_2	UniRef50_V5TFC3	30.612	147	88	3	978	1113	869	1012	1.63e-10	77.0
NC_016992.1_orf:0_12	UniRef50_H9BR01	100.000	82	0	0	2	83	1	82	8.03e-54	168
NC_016992.1_orf:0_12	UniRef50_H9BR18	40.506	79	45	2	5	82	2	79	1.60e-09	56.6
NC_016992.1_orf:0_12	UniRef50_H9BR26	41.176	85	39	4	5	81	2	83	1.24e-06	49.3
NC_016992.1_orf:0_14	UniRef50_A0A0K2D1N4	84.783	92	14	0	4	95	1	92	1.22e-49	159
NC_016992.1_orf:0_14	UniRef50_H9BR28	39.080	87	51	1	4	90	1	85	1.25e-12	65.1
NC_016992.1_orf:0_14	UniRef50_H9BR20	28.736	87	61	1	4	90	1	86	6.57e-06	48.1
NC_016992.1_orf:0_14	UniRef50_H9BR38	31.250	80	54	1	4	83	1	79	3.03e-05	46.2
NC_016992.1_orf:0_15	UniRef50_A0A0E3KV22	89.000	200	22	0	39	238	1	200	8.06e-112	326
NC_016992.1_orf:0_15	UniRef50_H9BQZ7	59.545	220	85	2	20	237	4	221	1.17e-63	204
NC_016992.1_orf:0_16	UniRef50_H9BR05	100.000	144	0	0	11	154	1	144	3.52e-103	298
NC_016992.1_orf:0_16	UniRef50_B6VDY3	40.870	115	66	1	13	125	6	120	4.16e-24	97.4
NC_016992.1_orf:0_16	UniRef50_H9BR22	35.135	74	45	2	29	102	2	72	4.27e-04	45.1
NC_016992.1_orf:1_16	UniRef50_H9BR00	100.000	1206	0	0	23	1228	1	1206	0.0	2489
NC_016992.1_orf:1_16	UniRef50_F1DB14	46.577	1183	561	22	70	1214	226	1375	0.0	1040
NC_016992.1_orf:1_16	UniRef50_A0A1W5YKT3	46.605	1193	555	24	70	1214	228	1386	0.0	1021
NC_016992.1_orf:1_16	UniRef50_P15423	47.409	1158	549	24	70	1201	34	1157	0.0	1000
NC_016992.1_orf:1_16	UniRef50_Q0Q466	47.876	1130	543	15	70	1185	234	1331	0.0	999
NC_016992.1_orf:1_16	UniRef50_S5YGT1	47.377	1163	539	27	70	1201	34	1154	0.0	998
NC_016992.1_orf:1_16	UniRef50_B1PHK2	46.514	1133	563	16	78	1197	248	1350	0.0	997
NC_016992.1_orf:1_16	UniRef50_P07946	46.200	1171	537	24	79	1185	266	1407	0.0	972
NC_016992.1_orf:1_16	UniRef50_S5YNL4	46.121	1160	557	20	69	1196	226	1349	0.0	969
NC_016992.1_orf:1_16	UniRef50_P10033	45.285	1177	545	25	81	1190	271	1415	0.0	962
NC_016992.1_orf:1_17	UniRef50_H9BR02	100.000	217	0	0	10	226	1	217	4.32e-159	446
NC_016992.1_orf:1_17	UniRef50_B6VDY0	75.229	218	52	2	10	226	1	217	2.88e-111	325
NC_016992.1_orf:1_17	UniRef50_Q9J3N8	29.412	221	146	5	6	223	11	224	2.08e-24	103
NC_016992.1_orf:1_17	UniRef50_Q80RY8	34.437	151	88	3	28	178	22	161	1.95e-19	89.0
NC_016992.1_orf:1_17	UniRef50_L7QCU7	32.973	185	116	5	14	196	2	180	8.41e-19	87.8
NC_016992.1_orf:1_17	UniRef50_G3C7E8	30.556	180	117	4	23	199	25	199	1.06e-18	88.2
NC_016992.1_orf:1_17	UniRef50_A3EXG9	29.327	208	138	6	14	221	19	217	1.34e-18	88.2
NC_016992.1_orf:1_17	UniRef50_P59596	29.000	200	131	7	14	211	17	207	2.24e-18	87.8
NC_016992.1_orf:1_17	UniRef50_P03415	32.105	190	117	5	33	220	42	221	1.52e-17	85.5
NC_016992.1_orf:1_17	UniRef50_A0A1B3Q5W6	27.700	213	143	7	10	221	14	216	2.49e-17	85.1
NC_016992.1_orf:2_3	UniRef50_A0A0K0PUY2	97.504	2644	60	6	7	2644	3619	6262	0.0	5432
NC_016992.1_orf:2_3	UniRef50_A6N251	97.056	2242	60	6	409	2644	1	2242	0.0	4544
NC_016992.1_orf:2_3	UniRef50_H9BR16	69.455	2678	772	17	7	2644	3609	6280	0.0	3917
NC_016992.1_orf:2_3	UniRef50_H9BR24	66.754	2665	834	18	7	2644	3567	6206	0.0	3722
NC_016992.1_orf:2_3	UniRef50_P0C6Y1	50.482	2698	1239	48	9	2636	3943	6613	0.0	2566
NC_016992.1_orf:2_3	UniRef50_B4UU00	50.319	2663	1226	47	44	2636	1	2636	0.0	2531
NC_016992.1_orf:2_3	UniRef50_A0A0M3R806	48.682	2693	1219	50	9	2636	3935	6529	0.0	2432
NC_016992.1_orf:2_3	UniRef50_V5TFC3	46.179	2722	1347	47	7	2636	3954	6649	0.0	2402
NC_016992.1_orf:2_3	UniRef50_P0C6W5	46.228	2704	1354	46	6	2636	4239	6915	0.0	2341
NC_016992.1_orf:2_3	UniRef50_P0C6X7	46.222	2713	1347	48	6	2636	4376	7058	0.0	2319
NC_016992.1_orf:2_11	UniRef50_H9BR29	57.233	318	129	5	5	320	1	313	1.24e-116	348
NC_016992.1_orf:2_11	UniRef50_A0A140GMH1	94.495	109	6	0	117	225	1	109	1.55e-64	207
NC_016992.1_orf:2_11	UniRef50_V5TEU7	35.117	299	167	7	8	289	28	316	5.96e-42	157
NC_016992.1_orf:2_11	UniRef50_P69596	30.792	341	191	11	12	318	30	359	4.16e-34	137
NC_016992.1_orf:2_11	UniRef50_F8J3C6	33.333	258	133	10	12	241	20	266	4.63e-26	112
NC_016992.1_orf:2_11	UniRef50_UPI0000DA5AD9	38.686	137	71	4	12	145	9	135	1.27e-20	94.0
NC_016992.1_orf:2_11	UniRef50_A3EXH0	27.744	328	176	11	9	290	58	370	3.46e-19	96.3
NC_016992.1_orf:2_11	UniRef50_P18447	27.640	322	175	12	16	290	67	377	5.07e-16	87.0
NC_016992.1_orf:2_11	UniRef50_Q7TG52	27.152	302	164	10	35	290	11	302	4.71e-14	80.5
NC_016992.1_orf:2_11	UniRef50_A0EXH3	49.367	79	37	1	12	87	30	108	5.10e-14	75.5
NC_016992.1_orf:2_12	UniRef50_H9BR06	100.000	70	0	0	8	77	1	70	3.48e-44	143
