NC_035118.1_orf:0_1	UniRef50_A0A1C9U5B9	56.757	296	122	1	63	352	1	296	5.19e-107	322
NC_035118.1_orf:1_1	UniRef50_A0A1Z1EBU7	100.000	3342	0	0	15	3356	1	3342	0.0	6950
NC_035118.1_orf:1_1	UniRef50_A0A1C9U5B5	81.218	3333	625	1	15	3347	1	3332	0.0	5743
NC_035118.1_orf:1_1	UniRef50_A0A1C9U5I9	82.439	1993	347	2	1224	3216	1	1990	0.0	3487
NC_035118.1_orf:1_1	UniRef50_C8AWQ5	40.954	3377	1864	49	23	3345	55	3355	0.0	2413
NC_035118.1_orf:1_1	UniRef50_A0A0M4CTV9	38.807	3453	1927	61	17	3346	7	3396	0.0	2272
NC_035118.1_orf:1_1	UniRef50_P33515	39.728	3378	1836	73	50	3346	78	3336	0.0	2241
NC_035118.1_orf:1_1	UniRef50_A0A142KWE1	38.589	3431	1866	73	51	3345	83	3408	0.0	2204
NC_035118.1_orf:1_1	UniRef50_M9WEA6	38.423	3399	1869	71	44	3347	68	3337	0.0	2150
NC_035118.1_orf:1_1	UniRef50_A0A1S6PCZ4	37.166	3409	1955	60	45	3345	81	3410	0.0	2148
NC_035118.1_orf:1_1	UniRef50_S6CXM3	38.092	3292	1868	55	45	3253	75	3279	0.0	2118
NC_035115.1_orf:1_1	UniRef50_A0A1W6R6I1	100.000	823	0	0	26	848	1	823	0.0	1695
NC_035115.1_orf:1_1	UniRef50_P13418	51.282	897	372	12	6	848	9	894	0.0	889
NC_035115.1_orf:1_1	UniRef50_A0A0U3THP0	40.023	867	431	24	49	847	1	846	5.73e-179	544
NC_035115.1_orf:1_1	UniRef50_A0A1L3KL46	38.350	897	455	26	22	847	18	887	8.94e-178	543
NC_035115.1_orf:1_1	UniRef50_A0A034V6L9	35.964	887	481	23	13	844	26	880	4.43e-164	507
NC_035115.1_orf:1_1	UniRef50_A0A076KXP1	32.308	845	504	23	16	844	9	801	5.72e-119	387
NC_035115.1_orf:1_1	UniRef50_A0A1L3KKY6	32.780	723	378	20	52	696	8	700	1.80e-101	341
NC_035115.1_orf:1_1	UniRef50_A0A1I9QNE5	31.124	890	490	29	18	841	6	838	2.80e-101	341
NC_035115.1_orf:1_1	UniRef50_O56051	32.761	815	450	25	53	844	46	785	4.71e-100	337
NC_035115.1_orf:1_1	UniRef50_UPI0000110745	56.981	265	110	2	311	571	1	265	7.22e-99	316
NC_035115.1_orf:2_1	UniRef50_A0A1W6R6J2	100.000	1878	0	0	20	1897	1	1878	0.0	3932
NC_035115.1_orf:2_1	UniRef50_Q9IJX4	37.046	1625	865	32	350	1860	156	1736	0.0	1002
NC_035115.1_orf:2_1	UniRef50_A0A221LFB9	36.746	1641	859	35	334	1854	127	1708	0.0	993
NC_035115.1_orf:2_1	UniRef50_A0A162L9B0	35.484	1550	900	27	382	1886	298	1792	0.0	910
NC_035115.1_orf:2_1	UniRef50_A0A1L3KL23	30.283	1628	954	46	350	1877	185	1731	0.0	682
NC_035115.1_orf:2_1	UniRef50_A0A0U3TN37	30.000	1660	961	50	354	1879	213	1805	0.0	663
NC_035115.1_orf:2_1	UniRef50_O36966	43.278	848	435	18	1043	1862	897	1726	0.0	653
NC_035115.1_orf:2_1	UniRef50_O36966	37.242	776	418	13	350	1077	87	841	3.51e-136	476
NC_035115.1_orf:2_1	UniRef50_A0A221LFD3	42.506	814	418	20	1094	1887	55	838	0.0	606
NC_035115.1_orf:2_1	UniRef50_A0A0A1XGZ9	35.838	865	503	16	1029	1863	156	998	7.90e-152	503
NC_035115.1_orf:2_1	UniRef50_W8AMF5	39.187	689	374	13	1198	1863	9	675	8.98e-141	462
