NC_002598.1_orf:1_2	UniRef50_P89034	100.000	566	0	0	1	566	427	992	0.0	1192
NC_002598.1_orf:1_2	UniRef50_P11640	59.065	535	208	3	1	534	440	964	0.0	663
NC_002598.1_orf:1_2	UniRef50_P17460	46.705	516	255	8	1	510	252	753	3.76e-157	475
NC_002598.1_orf:1_2	UniRef50_Q83424	46.565	524	268	3	1	522	270	783	1.21e-155	472
NC_002598.1_orf:1_2	UniRef50_Q56TL0	46.717	533	272	6	1	531	242	764	6.46e-155	469
NC_002598.1_orf:1_2	UniRef50_A0A1L3KG07	47.295	499	251	3	26	522	6	494	8.81e-155	459
NC_002598.1_orf:1_2	UniRef50_P22958	46.471	510	260	4	1	509	204	701	1.03e-146	447
NC_002598.1_orf:1_2	UniRef50_Q9IRA2	46.260	508	256	7	1	507	246	737	1.26e-141	439
NC_002598.1_orf:1_2	UniRef50_D5JGI9	47.807	456	221	6	57	509	1	442	2.48e-137	414
NC_002598.1_orf:1_2	UniRef50_A2TJS9	43.813	493	267	4	8	500	8	490	7.64e-134	407
NC_002598.1_orf:1_4	UniRef50_P89036	100.000	242	0	0	4	245	1	242	4.14e-176	490
NC_002598.1_orf:1_4	UniRef50_A0A1L6C7T1	41.803	244	121	8	15	245	5	240	4.94e-52	176
NC_002598.1_orf:1_4	UniRef50_B4XRZ9	42.857	238	120	7	4	236	1	227	2.89e-48	166
NC_002598.1_orf:1_4	UniRef50_P11642	29.680	219	138	5	26	237	11	220	1.32e-11	70.1
NC_002598.1_orf:1_4	UniRef50_A0A1L3KGT7	25.751	233	148	7	8	234	9	222	1.75e-05	53.5
NC_002598.1_orf:1_4	UniRef50_A0A1L3KFR6	27.206	136	86	3	104	234	75	202	7.42e-04	48.5
NC_002598.1_orf:1_4	UniRef50_P27210	23.786	206	124	6	49	234	66	258	7.86e-04	48.1
NC_002598.1_orf:2_4	UniRef50_P89035	98.305	59	1	0	9	67	1	59	4.05e-36	122
NC_002598.1_orf:2_5	UniRef50_P89037	100.000	132	0	0	3	134	1	132	4.19e-94	274
NC_002598.1_orf:2_5	UniRef50_S4WDW2	60.606	132	52	0	3	134	1	132	8.03e-48	157
NC_002598.1_orf:2_5	UniRef50_A0A1L6C7S7	35.036	137	82	4	1	134	6	138	2.04e-09	59.7
NC_002598.1_orf:2_5	UniRef50_B4XS00	38.614	101	58	3	36	134	34	132	6.73e-05	47.4
NC_028243.1_orf:0_1	UniRef50_A0A0A1G6U7	100.000	2168	0	0	4	2171	1	2168	0.0	4516
NC_028243.1_orf:0_1	UniRef50_A0A0B5KEM5	46.316	2185	1121	24	4	2168	1	2153	0.0	1897
NC_028243.1_orf:0_1	UniRef50_A0A0B5KX86	40.604	2187	1256	21	4	2168	1	2166	0.0	1634
NC_028243.1_orf:0_1	UniRef50_A0A0B5KTB0	40.648	2192	1249	23	6	2169	8	2175	0.0	1630
NC_028243.1_orf:0_1	UniRef50_A0A1L3KN64	36.523	2174	1345	18	6	2169	12	2160	0.0	1421
NC_028243.1_orf:0_1	UniRef50_A0A0B5KJX3	37.839	2212	1282	34	2	2170	5	2166	0.0	1389
NC_028243.1_orf:0_1	UniRef50_A0A1L3KMX9	31.390	2007	1249	41	4	1948	1	1941	0.0	955
NC_028243.1_orf:0_1	UniRef50_A0A0B5KRA0	29.945	2174	1367	45	3	2099	1	2095	0.0	936
NC_028243.1_orf:0_1	UniRef50_A0A1L3KMW6	34.688	1476	920	17	2	1453	4	1459	0.0	900
NC_028243.1_orf:0_1	UniRef50_A0A1L3KMW6	30.405	148	90	5	1784	1926	1785	1924	6.20e-04	54.3
NC_028243.1_orf:0_1	UniRef50_A0A1L3KN70	33.376	1573	997	22	5	1549	3	1552	0.0	875
NC_028243.1_orf:0_1	UniRef50_A0A1L3KN70	23.472	409	274	11	1754	2145	1746	2132	1.45e-07	66.2
NC_028243.1_orf:1_6	UniRef50_A0A0A1G483	100.000	426	0	0	8	433	1	426	0.0	879
NC_028243.1_orf:1_6	UniRef50_A0A0B5KR95	31.830	377	240	9	35	403	56	423	3.38e-48	178
NC_028243.1_orf:1_6	UniRef50_A0A0B5KX77	28.000	375	258	6	41	405	33	405	3.20e-43	164
NC_028243.1_orf:1_6	UniRef50_A0A0B5KER3	27.660	376	240	7	46	405	27	386	2.52e-41	159
NC_028243.1_orf:1_6	UniRef50_A0A0B5KX74	30.199	351	234	6	60	405	37	381	5.80e-39	153
NC_028243.1_orf:1_6	UniRef50_A0A0B5KTA5	27.889	398	241	8	23	403	29	397	4.00e-30	128
NC_028243.1_orf:1_6	UniRef50_A0A0B5KRB6	30.672	238	160	2	170	403	166	402	5.86e-30	128
NC_028243.1_orf:1_6	UniRef50_A0A172MHQ4	29.010	293	174	8	42	317	52	327	1.19e-26	117
NC_028243.1_orf:1_6	UniRef50_A0A0B5KEQ4	34.762	210	126	4	207	411	183	386	3.73e-26	117
NC_028243.1_orf:1_6	UniRef50_A0A016SBX6	33.862	189	121	2	215	401	25	211	6.68e-25	110
NC_028243.1_orf:2_5	UniRef50_A0A0A1G690	100.000	675	0	0	4	678	1	675	0.0	1404
NC_028243.1_orf:2_5	UniRef50_A0A0B5KT79	48.281	640	311	8	13	641	13	643	0.0	622
NC_028243.1_orf:2_5	UniRef50_A0A0B5KJU7	43.350	609	341	3	32	639	25	630	0.0	552
NC_028243.1_orf:2_5	UniRef50_A0A0B5KXA3	41.396	616	350	8	19	631	8	615	4.50e-179	532
NC_028243.1_orf:2_5	UniRef50_UPI000771AAB1	30.516	639	422	12	10	638	2	628	3.77e-104	339
NC_028243.1_orf:2_5	UniRef50_A0A1L3KMR2	30.174	633	421	8	15	637	6	627	2.03e-102	333
NC_028243.1_orf:2_5	UniRef50_A0A0L7QJ29	32.060	602	399	7	16	615	4	597	6.73e-96	317
NC_028243.1_orf:2_5	UniRef50_A0A0J7K5L4	31.271	582	389	8	31	607	16	591	6.16e-95	315
NC_028243.1_orf:2_5	UniRef50_A0A0L7QJ86	29.612	645	438	8	30	667	17	652	1.68e-94	313
NC_028243.1_orf:2_5	UniRef50_A0A0B5KJY0	31.333	600	402	7	29	625	18	610	2.12e-94	312
NC_028243.1_orf:2_7	UniRef50_A0A0A1G840	100.000	113	0	0	8	120	1	113	1.35e-74	223
