NC_035455.1_orf:0_1	UniRef50_A0A220QTE5	100.000	288	0	0	4	291	1	288	0.0	598
NC_035455.1_orf:0_1	UniRef50_A0A1L3KKP7	80.586	273	53	0	19	291	1	273	5.05e-169	476
NC_035455.1_orf:0_1	UniRef50_A0A220QTH8	49.110	281	130	4	19	291	1	276	8.41e-85	262
NC_035455.1_orf:0_1	UniRef50_A0A220QTF9	40.304	263	129	7	32	290	14	252	1.04e-46	164
NC_035455.1_orf:0_2	UniRef50_A0A220QTE6	100.000	121	0	0	2	122	1	121	8.01e-79	234
NC_035455.1_orf:0_3	UniRef50_A0A220QTF4	100.000	268	0	0	2	269	1	268	0.0	553
NC_035455.1_orf:0_3	UniRef50_A0A220QTG4	51.550	258	117	3	2	258	1	251	4.91e-79	246
NC_035455.1_orf:0_3	UniRef50_A0A220QTH4	38.095	252	137	3	12	259	6	242	6.74e-49	169
NC_035455.1_orf:0_3	UniRef50_A0A220QTH3	38.519	270	143	6	4	264	4	259	2.19e-44	158
NC_035455.1_orf:0_3	UniRef50_H9XTK7	53.704	108	47	1	32	136	1	108	9.72e-35	128
NC_035455.1_orf:1_1	UniRef50_A0A1L3KKV7	65.746	2318	761	15	8	2299	6	2316	0.0	3222
NC_035455.1_orf:1_1	UniRef50_A0A220QTG5	48.020	985	485	9	1330	2300	1314	2285	0.0	956
NC_035455.1_orf:1_1	UniRef50_A0A220QTG5	36.823	1127	627	13	13	1108	24	1096	0.0	772
NC_035455.1_orf:1_1	UniRef50_A0A220QTH1	34.410	991	599	18	1323	2293	1186	2145	1.60e-161	561
NC_035455.1_orf:1_1	UniRef50_A0A220QTH1	28.571	1141	687	31	7	1108	1	1052	1.43e-118	429
NC_035455.1_orf:1_1	UniRef50_A5HB92	34.455	981	574	20	1342	2297	1209	2145	1.47e-153	537
NC_035455.1_orf:1_1	UniRef50_A5HB92	28.234	1144	680	29	20	1116	17	1066	4.71e-117	424
NC_035455.1_orf:1_1	UniRef50_A0A1L3KKT0	24.746	788	520	29	1510	2269	1423	2165	1.87e-42	181
NC_035455.1_orf:1_1	UniRef50_A0A1L3KKT0	23.128	601	388	17	396	958	541	1105	4.31e-26	127
NC_035455.1_orf:1_1	UniRef50_A0A218NJT6	30.505	436	272	15	1829	2259	1387	1796	5.59e-34	153
NC_035455.1_orf:1_1	UniRef50_A0A1L3KMH1	24.120	767	521	27	1552	2298	1186	1911	3.72e-33	150
NC_035455.1_orf:1_1	UniRef50_A7LM73	25.000	652	423	22	1590	2217	2274	2883	7.52e-31	143
NC_035455.1_orf:1_1	UniRef50_A0A089FZT0	24.811	794	521	33	1518	2271	984	1741	1.79e-29	138
NC_035455.1_orf:1_1	UniRef50_A0A089FZT0	27.907	215	132	8	693	888	505	715	1.61e-07	66.2
NC_035455.1_orf:1_1	UniRef50_A0A1L3KKV9	27.682	466	292	17	1829	2278	1289	1725	4.50e-29	137
NC_035455.1_orf:2_1	UniRef50_A0A220QTH5	100.000	277	0	0	4	280	1	277	0.0	551
NC_035455.1_orf:2_1	UniRef50_A0A220QTF3	33.214	280	162	8	18	274	16	293	2.50e-24	106
NC_035455.1_orf:2_1	UniRef50_A0A220QTF8	34.050	279	158	9	23	280	29	302	3.39e-24	106
NC_035455.1_orf:2_1	UniRef50_A0A220QTH2	36.420	162	87	4	133	280	103	262	5.25e-11	69.7
NC_035455.1_orf:2_1	UniRef50_A0A220QTH0	28.679	265	162	9	4	259	1	247	1.86e-08	62.4
NC_035455.1_orf:2_2	UniRef50_A0A220QTE9	100.000	445	0	0	10	454	1	445	0.0	924
NC_035455.1_orf:2_2	UniRef50_A0A1L3KKP3	67.929	449	131	6	10	450	1	444	0.0	625
NC_035455.1_orf:2_2	UniRef50_A0A220QTG0	51.781	365	152	7	9	350	1	364	1.68e-121	370
NC_035455.1_orf:2_2	UniRef50_A0A220QTI7	43.590	351	193	4	11	357	3	352	2.10e-88	285
NC_035455.1_orf:2_2	UniRef50_A0A220QTG8	43.785	354	188	6	10	353	1	353	2.90e-86	276
NC_035453.1_orf:0_2	UniRef50_A0A223A3J0	100.000	112	0	0	6	117	1	112	6.13e-78	231
NC_035453.1_orf:0_3	UniRef50_A0A223A549	100.000	584	0	0	5	588	1	584	0.0	1182
NC_035453.1_orf:0_3	UniRef50_Q8QL58	37.647	595	353	10	5	588	1	588	1.99e-117	367
NC_035453.1_orf:0_3	UniRef50_A0A0A8JCS4	35.144	589	363	13	5	583	1	580	2.20e-101	326
NC_035453.1_orf:0_3	UniRef50_A0A0K1HRT1	32.860	493	293	15	5	465	1	487	1.20e-66	235
NC_035453.1_orf:0_3	UniRef50_Q5G7G4	31.873	502	301	17	5	473	1	494	3.86e-66	234
NC_035453.1_orf:0_3	UniRef50_P37092	31.311	511	313	18	5	485	1	503	6.43e-58	211
NC_035453.1_orf:0_3	UniRef50_D3GBB2	34.195	503	294	20	5	483	1	490	7.10e-58	211
NC_035453.1_orf:0_3	UniRef50_A0A0D4D380	49.065	214	108	1	175	387	1	214	1.01e-57	200
NC_035453.1_orf:0_3	UniRef50_A0MBW7	33.830	470	282	14	5	454	1	461	6.06e-56	206
NC_035453.1_orf:0_3	UniRef50_Q49IH0	32.041	490	301	13	5	468	1	484	8.66e-56	206
NC_035453.1_orf:0_4	UniRef50_A0A223A3I0	100.000	243	0	0	5	247	1	243	0.0	511
NC_035453.1_orf:0_4	UniRef50_A0A0A8JEL7	28.834	163	110	3	63	220	85	246	7.72e-12	71.2
NC_035453.1_orf:0_5	UniRef50_A0A223A3K8	100.000	157	0	0	4	160	1	157	3.36e-111	319
NC_035453.1_orf:0_6	UniRef50_A0A223A3R5	100.000	134	0	0	8	141	1	134	4.29e-96	279
NC_035453.1_orf:1_1	UniRef50_A0A223A477	100.000	3185	0	0	10	3194	1	3185	0.0	6590
NC_035453.1_orf:1_1	UniRef50_A0A0A8JBS1	32.721	599	363	10	1138	1703	803	1394	2.50e-84	320
NC_035453.1_orf:1_1	UniRef50_A0A0A8JBS1	34.641	612	362	11	2592	3187	2560	3149	2.82e-80	306
NC_035453.1_orf:1_1	UniRef50_A0A0A8JCA3	30.936	598	375	9	1138	1703	905	1496	1.79e-83	317
NC_035453.1_orf:1_1	UniRef50_A0A0A8JCA3	34.657	554	334	8	2648	3187	2449	2988	1.37e-78	301
NC_035453.1_orf:1_1	UniRef50_T1YWK2	25.447	1006	614	23	1239	2133	773	1753	1.40e-70	275
NC_035453.1_orf:1_1	UniRef50_T1YWK2	30.795	604	366	17	2603	3184	2522	3095	1.13e-47	199
NC_035453.1_orf:1_1	UniRef50_A0MBW3	38.621	435	227	14	2756	3171	2394	2807	1.17e-60	242
NC_035453.1_orf:1_1	UniRef50_A0MBW3	25.564	665	420	19	1135	1778	597	1207	1.63e-43	185
NC_035453.1_orf:1_1	UniRef50_A0A088MGX0	26.721	741	481	21	1056	1775	461	1160	5.29e-59	236
NC_035453.1_orf:1_1	UniRef50_A0A088MGX0	35.897	429	238	10	2756	3169	2338	2744	8.57e-55	223
NC_035453.1_orf:1_1	UniRef50_Q0GK55	34.644	534	324	14	2660	3184	2270	2787	6.32e-59	236
NC_035453.1_orf:1_1	UniRef50_Q0GK55	27.364	698	446	18	1140	1816	562	1219	1.47e-56	228
NC_035453.1_orf:1_1	UniRef50_Q5G7G7	34.375	544	304	14	2646	3168	1985	2496	3.96e-58	233
NC_035453.1_orf:1_1	UniRef50_Q5G7G7	29.930	568	351	16	1137	1673	451	1002	2.06e-53	218
NC_035453.1_orf:1_1	UniRef50_W6EAD2	28.593	654	425	19	1130	1759	881	1516	4.92e-58	233
NC_035453.1_orf:1_1	UniRef50_W6EAD2	36.795	443	265	9	2756	3193	2674	3106	1.62e-57	231
NC_035453.1_orf:1_1	UniRef50_Q991G5	28.771	716	441	25	1120	1795	6	692	4.58e-57	221
NC_035453.1_orf:1_2	UniRef50_A0A223A3Y8	100.000	224	0	0	17	240	1	224	3.55e-157	441
NC_035453.1_orf:1_3	UniRef50_A0A223A4X0	100.000	507	0	0	48	554	1	507	0.0	1047
NC_035453.1_orf:1_3	UniRef50_A0A0A8JCW9	23.327	523	312	17	57	538	16	490	1.03e-12	79.3
NC_035453.1_orf:1_3	UniRef50_Q4H021	22.747	233	142	8	296	502	1	221	3.04e-06	57.8
NC_035453.1_orf:1_3	UniRef50_Q8QL57	26.136	264	172	10	57	309	10	261	1.83e-05	55.1
NC_035453.1_orf:2_2	UniRef50_A0A223A3Q7	100.000	510	0	0	13	522	1	510	0.0	1059
NC_035453.1_orf:2_2	UniRef50_A0A0A8JEL2	41.615	483	249	2	19	501	2	451	1.23e-121	374
NC_035453.1_orf:2_2	UniRef50_T1YWK2	41.518	448	236	1	16	463	3097	3518	2.04e-103	349
NC_035453.1_orf:2_2	UniRef50_A0A0K1HSF2	38.178	461	256	3	6	464	1	434	6.29e-102	321
NC_035453.1_orf:2_2	UniRef50_Q8QL61	47.278	349	151	3	154	502	1	316	1.12e-97	306
NC_035453.1_orf:2_2	UniRef50_Q08534	37.581	463	262	2	17	479	2633	3068	7.32e-91	312
NC_035453.1_orf:2_2	UniRef50_Q6QCI3	37.360	447	251	4	17	462	84	502	5.12e-79	263
NC_035453.1_orf:2_2	UniRef50_A8RS54	34.554	437	251	9	25	457	91	496	2.22e-70	241
NC_035453.1_orf:2_2	UniRef50_Q9DQ91	34.423	459	267	5	2	457	83	510	4.40e-70	241
NC_035453.1_orf:2_2	UniRef50_A2ID07	41.724	290	143	1	120	409	1	264	1.14e-68	228
NC_035453.1_orf:2_3	UniRef50_A0A223A4D7	99.623	265	1	0	2	266	1	265	0.0	545
NC_035453.1_orf:2_3	UniRef50_Q8QL60	38.060	134	80	2	84	215	56	188	3.45e-15	79.3
NC_035453.1_orf:2_3	UniRef50_A0A0A8JBS5	36.029	136	79	5	80	209	65	198	1.92e-11	70.5
NC_035453.1_orf:2_3	UniRef50_A0A251U0D6	35.000	120	67	4	102	210	109	228	2.44e-10	67.0
NC_035453.1_orf:2_3	UniRef50_A0A0K9QP60	30.534	131	67	4	102	211	520	647	9.19e-10	67.0
NC_035453.1_orf:2_3	UniRef50_A0A151SAV1	32.773	119	70	3	102	210	66	184	1.47e-09	64.7
NC_035453.1_orf:2_3	UniRef50_A0A1X2GIW5	27.717	184	99	7	60	210	42	224	1.06e-08	62.4
NC_035453.1_orf:2_3	UniRef50_A0A103XEN5	31.707	123	72	2	102	212	107	229	3.87e-08	60.8
NC_035453.1_orf:2_3	UniRef50_A0A1S4AMM7	33.871	124	68	3	102	211	152	275	3.89e-08	61.2
NC_035453.1_orf:2_3	UniRef50_A0A1S4DPY1	32.847	137	80	4	102	226	109	245	5.52e-08	61.2
NC_035453.1_orf:2_4	UniRef50_A0A223A483	100.000	70	0	0	1	70	1	70	2.15e-41	136
