NC_031916.1_orf:2_1	UniRef50_M9ZRW5	100.000	2901	0	0	53	2953	1	2901	0.0	5965
NC_031916.1_orf:2_1	UniRef50_Q69422	38.272	2963	1611	59	77	2948	26	2861	0.0	1864
NC_031916.1_orf:2_1	UniRef50_A0A097NZA3	37.342	3010	1600	63	75	2920	76	2963	0.0	1702
NC_031916.1_orf:2_1	UniRef50_R9QTQ6	37.440	2930	1643	59	65	2915	4	2822	0.0	1652
NC_031916.1_orf:2_1	UniRef50_A0A097NZB6	36.745	2912	1648	60	77	2913	31	2823	0.0	1598
NC_031916.1_orf:2_1	UniRef50_A0A0D5XQ28	36.089	2818	1590	61	136	2905	80	2734	0.0	1553
NC_031916.1_orf:2_1	UniRef50_S5DS99	40.780	2050	1141	34	75	2089	38	2049	0.0	1333
NC_031916.1_orf:2_1	UniRef50_S5DS99	35.620	758	438	11	2175	2915	2575	3299	4.06e-121	441
NC_031916.1_orf:2_1	UniRef50_R9QTF4	37.030	2101	1208	42	62	2138	25	2034	0.0	1256
NC_031916.1_orf:2_1	UniRef50_R9QTF4	44.171	609	319	8	2341	2947	2185	2774	2.22e-139	499
NC_031916.1_orf:2_1	UniRef50_M9ZVI8	32.666	2547	1558	51	475	2949	507	2968	0.0	1126
NC_031916.1_orf:2_1	UniRef50_M9ZVI8	29.245	318	202	7	105	416	82	382	2.33e-23	119
NC_031916.1_orf:2_1	UniRef50_A0A0D5XQX3	36.369	1680	966	34	136	1782	80	1689	0.0	955
NC_031988.1_orf:0_1	UniRef50_Q9IPJ8	77.778	297	66	0	5	301	1	297	1.07e-171	484
NC_031988.1_orf:0_1	UniRef50_P22363	77.441	297	67	0	5	301	1	297	1.27e-170	481
NC_031988.1_orf:0_1	UniRef50_Q505S2	72.321	224	62	0	43	266	1	224	1.59e-115	339
NC_031988.1_orf:0_1	UniRef50_Q91RE0	49.180	305	138	2	5	300	1	297	1.47e-96	293
NC_031988.1_orf:0_1	UniRef50_Q3ZDD5	69.143	175	54	0	47	221	2	176	6.97e-82	251
NC_031988.1_orf:0_1	UniRef50_Q5VKP1	47.351	302	140	4	5	298	1	291	1.78e-76	242
NC_031988.1_orf:0_1	UniRef50_A0A1I9RGZ7	44.816	299	150	6	5	299	1	288	1.39e-73	234
NC_031988.1_orf:0_1	UniRef50_Q1L0N6	66.901	142	47	0	39	180	1	142	3.77e-59	192
NC_031988.1_orf:0_1	UniRef50_Q80JM1	74.138	116	30	0	36	151	1	116	4.82e-54	179
NC_031988.1_orf:0_1	UniRef50_Q91HH2	95.455	22	1	0	5	26	1	22	4.83e-04	44.7
NC_031988.1_orf:0_2	UniRef50_P03524	77.481	524	118	0	9	532	1	524	0.0	861
NC_031988.1_orf:0_2	UniRef50_R9W5Y5	81.562	320	59	0	9	328	1	320	0.0	564
NC_031988.1_orf:0_2	UniRef50_J7JVS8	48.141	511	259	3	19	526	14	521	2.97e-171	501
NC_031988.1_orf:0_2	UniRef50_R9W3E7	76.768	297	69	0	226	522	1	297	1.09e-160	466
NC_031988.1_orf:0_2	UniRef50_D1M8U4	74.552	279	71	0	254	532	3	281	1.94e-148	434
NC_031988.1_orf:0_2	UniRef50_P89072	77.733	247	55	0	144	390	1	247	7.30e-139	408
NC_031988.1_orf:0_2	UniRef50_Q52PH7	80.000	230	46	0	27	256	1	230	2.37e-131	388
NC_031988.1_orf:0_2	UniRef50_V9TXK6	84.916	179	27	0	29	207	1	179	3.69e-108	327
NC_031988.1_orf:0_2	UniRef50_K9L4S9	71.749	223	63	0	310	532	1	223	5.47e-107	326
NC_031988.1_orf:0_2	UniRef50_B2KNI3	81.538	130	24	0	231	360	2	131	1.13e-72	234
NC_031988.1_orf:1_1	UniRef50_P16285	92.650	449	33	0	14	462	1	449	0.0	889
NC_031988.1_orf:1_1	UniRef50_A0A1U9X5Y6	93.103	348	24	0	82	429	1	348	0.0	694
NC_031988.1_orf:1_1	UniRef50_Q3V6D5	93.311	299	20	0	20	318	1	299	0.0	597
NC_031988.1_orf:1_1	UniRef50_M4VQI1	92.050	239	19	0	14	252	1	239	1.12e-164	471
NC_031988.1_orf:1_1	UniRef50_A0A1L7HA82	94.805	231	12	0	193	423	1	231	1.37e-163	468
NC_031988.1_orf:1_1	UniRef50_H2L1J4	93.534	232	15	0	231	462	1	232	1.26e-161	462
NC_031988.1_orf:1_1	UniRef50_F8UZR1	92.147	191	15	0	14	204	1	191	2.89e-127	374
NC_031988.1_orf:1_1	UniRef50_W8PVM9	90.909	176	16	0	113	288	4	179	3.43e-115	342
NC_031988.1_orf:1_1	UniRef50_A0A0U2WUS5	92.771	166	12	0	264	429	1	166	1.74e-109	327
NC_031988.1_orf:1_1	UniRef50_Q19NT4	88.304	171	20	0	98	268	1	171	8.28e-108	323
NC_031988.1_orf:1_3	UniRef50_P16287	84.653	202	31	0	23	224	1	202	2.15e-129	370
