NC_035205.1_orf:1_1	UniRef50_A0A220NQ59	100.000	1437	0	0	26	1462	1	1437	0.0	3014
NC_035205.1_orf:1_1	UniRef50_A0A096XMB6	60.405	1432	506	9	26	1455	1	1373	0.0	1740
NC_035205.1_orf:1_1	UniRef50_Q8B085	47.174	1433	714	18	26	1428	1	1420	0.0	1256
NC_035205.1_orf:1_1	UniRef50_Q5ZER0	47.146	1419	695	18	26	1433	1	1375	0.0	1224
NC_035205.1_orf:1_1	UniRef50_P17779	44.997	1469	718	20	26	1430	1	1443	0.0	1202
NC_035205.1_orf:1_1	UniRef50_Q8UZ48	42.567	1426	719	20	26	1431	1	1346	0.0	1068
NC_035205.1_orf:1_1	UniRef50_A0A1L3KK23	57.748	826	338	5	606	1426	182	1001	0.0	951
NC_035205.1_orf:1_1	UniRef50_A0A1L3KK23	46.087	115	62	0	319	433	1	115	2.89e-24	119
NC_035205.1_orf:1_1	UniRef50_Q2V0S0	55.244	820	365	2	608	1426	676	1494	0.0	942
NC_035205.1_orf:1_1	UniRef50_Q2V0S0	55.283	407	176	3	26	431	1	402	4.68e-141	478
NC_035205.1_orf:1_1	UniRef50_P28897	54.202	821	371	5	609	1428	493	1309	0.0	923
NC_035205.1_orf:1_1	UniRef50_P28897	45.701	442	217	3	29	455	5	438	1.32e-115	403
NC_035205.1_orf:1_1	UniRef50_A0A218MK55	55.177	821	366	2	608	1426	680	1500	0.0	919
NC_035205.1_orf:1_1	UniRef50_A0A218MK55	51.351	407	195	2	26	429	1	407	5.94e-125	433
NC_035205.1_orf:1_2	UniRef50_A0A220NQ80	100.000	217	0	0	17	233	1	217	1.68e-158	444
NC_035205.1_orf:1_2	UniRef50_A0A096XMC1	63.981	211	76	0	23	233	3	213	3.19e-92	276
NC_035205.1_orf:1_2	UniRef50_Q2V0R6	47.847	209	104	3	28	233	14	220	2.80e-56	186
NC_035205.1_orf:1_2	UniRef50_V5V388	48.148	189	96	1	37	223	74	262	7.74e-54	181
NC_035205.1_orf:1_2	UniRef50_Q2I7H6	45.596	193	103	1	30	220	201	393	2.00e-50	176
NC_035205.1_orf:1_2	UniRef50_P16486	41.711	187	108	1	34	219	9	195	5.84e-46	159
NC_035205.1_orf:1_2	UniRef50_P17782	45.556	180	96	1	34	211	33	212	1.63e-45	159
NC_035205.1_orf:1_2	UniRef50_A0A1W5VPK2	43.158	190	107	1	32	220	15	204	2.50e-43	152
NC_035205.1_orf:1_2	UniRef50_K4MQK1	41.837	196	107	3	37	230	65	255	4.53e-43	153
NC_035205.1_orf:1_2	UniRef50_Q64966	41.053	190	107	3	42	228	222	409	2.91e-42	155
NC_035205.1_orf:2_4	UniRef50_A0A220NQ60	100.000	109	0	0	52	160	1	109	4.23e-72	219
NC_035205.1_orf:2_4	UniRef50_Q2V0R8	50.000	100	44	1	52	145	1	100	9.00e-23	94.4
NC_035205.1_orf:2_4	UniRef50_J7GU58	43.519	108	52	2	52	150	1	108	1.55e-21	90.9
NC_035205.1_orf:2_4	UniRef50_Q8UZ92	44.037	109	54	1	52	153	1	109	2.57e-19	85.1
NC_035205.1_orf:2_4	UniRef50_Q913Z7	48.387	93	42	2	52	138	1	93	2.65e-19	85.1
NC_035205.1_orf:2_4	UniRef50_Q00842	52.809	89	41	1	52	139	1	89	2.20e-18	82.8
NC_035205.1_orf:2_4	UniRef50_A0A220NQ64	45.361	97	52	1	57	153	6	101	2.07e-16	77.4
NC_035205.1_orf:2_4	UniRef50_B0FXP7	48.352	91	44	2	52	139	1	91	2.99e-16	77.4
NC_035205.1_orf:2_4	UniRef50_Q629I8	39.450	109	60	1	52	154	1	109	5.59e-16	76.6
NC_035205.1_orf:2_4	UniRef50_Q993S5	43.820	89	49	1	52	139	1	89	1.24e-15	75.9
NC_035204.1_orf:0_1	UniRef50_A0A220NQ47	99.930	1423	1	0	28	1450	1	1423	0.0	2990
NC_035204.1_orf:0_1	UniRef50_UPI00092CFA37	67.274	1427	422	5	34	1450	1	1392	0.0	2013
NC_035204.1_orf:0_1	UniRef50_F8VAF9	69.034	859	253	2	586	1436	623	1476	0.0	1263
NC_035204.1_orf:0_1	UniRef50_F8VAF9	72.535	426	117	0	34	459	1	426	0.0	667
NC_035204.1_orf:0_1	UniRef50_Q04575	66.858	872	281	4	583	1449	796	1664	0.0	1232
NC_035204.1_orf:0_1	UniRef50_Q04575	67.209	430	136	2	36	460	2	431	0.0	604
NC_035204.1_orf:0_1	UniRef50_A0A0P0K7A5	67.929	845	268	1	583	1424	647	1491	0.0	1228
NC_035204.1_orf:0_1	UniRef50_A0A0P0K7A5	58.893	506	190	6	36	526	2	504	0.0	598
NC_035204.1_orf:0_1	UniRef50_D4NZH9	75.180	693	172	0	652	1344	1	693	0.0	1134
NC_035204.1_orf:0_1	UniRef50_Q6YNQ7	53.792	857	385	9	570	1422	517	1366	0.0	889
NC_035204.1_orf:0_1	UniRef50_Q6YNQ7	43.326	427	224	7	36	457	2	415	9.44e-93	338
NC_035204.1_orf:0_1	UniRef50_A0A096XMB6	37.071	1400	817	19	37	1408	3	1366	0.0	886
NC_035204.1_orf:0_1	UniRef50_Q8BF56	37.784	1408	777	22	36	1400	2	1353	0.0	842
NC_035204.1_orf:0_1	UniRef50_Q07518	36.577	1408	818	26	36	1400	2	1377	0.0	814
NC_035204.1_orf:0_2	UniRef50_A0A220NQ49	100.000	237	0	0	16	252	1	237	1.24e-172	482
NC_035204.1_orf:0_2	UniRef50_A0A1X9PY51	45.798	238	128	1	16	252	1	238	9.90e-69	218
NC_035204.1_orf:0_2	UniRef50_F8VAG0	44.309	246	133	3	10	252	2	246	8.55e-59	193
NC_035204.1_orf:0_2	UniRef50_D7PQU8	42.241	232	129	1	13	244	5	231	6.77e-55	183
NC_035204.1_orf:0_2	UniRef50_Q04581	41.935	248	126	5	16	252	1	241	3.49e-51	174
NC_035204.1_orf:0_2	UniRef50_Q5GR22	35.000	200	120	5	26	222	9	201	1.65e-23	102
NC_035204.1_orf:0_2	UniRef50_Q64963	34.071	226	136	8	23	243	6	223	3.75e-23	101
NC_035204.1_orf:0_2	UniRef50_Q9IH79	34.234	222	134	8	25	242	8	221	1.81e-22	99.4
NC_035204.1_orf:0_2	UniRef50_Q4F977	34.667	225	125	8	25	234	8	225	4.26e-22	98.6
NC_035204.1_orf:0_2	UniRef50_G3XFY0	29.680	219	142	5	30	242	14	226	5.93e-21	95.5
NC_035204.1_orf:0_3	UniRef50_A0A220NQ57	100.000	358	0	0	12	369	1	358	0.0	734
NC_035204.1_orf:0_3	UniRef50_Q67692	30.075	266	166	6	109	369	107	357	1.79e-28	121
NC_035204.1_orf:0_3	UniRef50_A0A1X9PY61	33.600	250	146	5	121	369	114	344	2.51e-27	118
NC_035204.1_orf:0_3	UniRef50_UPI00092CE520	30.924	249	151	5	129	369	127	362	2.64e-27	118
NC_035204.1_orf:0_3	UniRef50_F8VAG2	31.801	261	145	8	113	362	113	351	5.93e-25	111
NC_035204.1_orf:0_3	UniRef50_Q04583	24.675	385	246	8	19	369	6	380	4.36e-24	109
NC_035204.1_orf:0_3	UniRef50_O55604	28.137	263	178	5	109	369	114	367	1.65e-20	99.4
NC_035204.1_orf:0_3	UniRef50_I3TC51	40.566	106	63	0	264	369	26	131	6.16e-19	89.7
NC_035204.1_orf:0_3	UniRef50_A0A0A0YR04	28.517	263	159	4	117	369	114	357	1.66e-18	93.6
NC_035204.1_orf:0_3	UniRef50_M9PQ38	25.200	250	164	4	117	359	113	346	1.63e-15	85.1
NC_035204.1_orf:1_3	UniRef50_A0A220NQ64	100.000	102	0	0	6	107	1	102	3.00e-70	211
NC_035204.1_orf:1_3	UniRef50_J7GU58	44.330	97	47	1	6	95	1	97	1.92e-23	93.6
NC_035204.1_orf:1_3	UniRef50_E7DUC1	48.039	102	41	2	6	95	1	102	1.32e-22	92.0
NC_035204.1_orf:1_3	UniRef50_Q993S5	48.913	92	42	2	6	94	1	90	9.99e-22	89.4
NC_035204.1_orf:1_3	UniRef50_Q8UZ92	42.202	109	53	1	6	104	1	109	1.46e-21	89.0
NC_035204.1_orf:1_3	UniRef50_Q04582	46.602	103	53	1	6	106	1	103	2.68e-20	85.5
NC_035204.1_orf:1_3	UniRef50_B0I2Z4	45.192	104	51	3	6	105	1	102	2.87e-20	85.9
NC_035204.1_orf:1_3	UniRef50_V5V1S5	45.283	106	51	2	6	107	1	103	8.09e-20	84.3
NC_035204.1_orf:1_3	UniRef50_Q913Z7	47.475	99	44	2	6	97	1	98	1.01e-19	84.0
NC_035204.1_orf:1_3	UniRef50_Q64964	62.712	59	22	0	6	64	1	59	2.33e-19	83.6
NC_035204.1_orf:1_5	UniRef50_A0A220NQ79	100.000	234	0	0	3	236	1	234	1.78e-174	485
NC_035204.1_orf:1_5	UniRef50_UPI00092D2598	51.869	214	93	3	28	236	23	231	1.75e-75	235
NC_035204.1_orf:1_5	UniRef50_A0A1X9PY60	49.763	211	105	1	25	235	74	283	6.99e-70	223
NC_035204.1_orf:1_5	UniRef50_Q1WAJ2	50.254	197	96	1	41	235	67	263	2.53e-64	207
NC_035204.1_orf:1_5	UniRef50_D7PQV2	50.254	197	96	1	41	235	420	616	1.57e-59	205
NC_035204.1_orf:1_5	UniRef50_E0X582	40.000	225	134	1	11	235	20	243	9.09e-59	192
NC_035204.1_orf:1_5	UniRef50_A0A0A0YLY3	38.667	225	138	0	11	235	20	244	4.47e-57	188
NC_035204.1_orf:1_5	UniRef50_Q04572	42.365	203	117	0	33	235	60	262	1.28e-55	185
NC_035204.1_orf:1_5	UniRef50_V5V1Q2	50.714	140	69	0	40	179	39	178	1.97e-49	167
NC_035204.1_orf:1_5	UniRef50_A0A068ENQ5	43.713	167	94	0	54	220	3	169	6.48e-49	165
NC_035204.1_orf:2_4	UniRef50_A0A220NQ61	100.000	77	0	0	9	85	1	77	1.17e-49	157
NC_035204.1_orf:2_4	UniRef50_V5V0V4	38.272	81	42	3	4	84	10	82	7.81e-06	47.4
NC_035191.1_orf:0_1	UniRef50_F1DAX7	33.103	145	91	4	96	238	71	211	4.72e-14	76.6
NC_035191.1_orf:0_1	UniRef50_H9TEX3	29.839	124	87	0	114	237	102	225	2.15e-09	64.3
NC_035191.1_orf:0_1	UniRef50_A0A1X9JJW1	31.356	118	81	0	114	231	90	207	3.00e-09	63.2
NC_035191.1_orf:0_1	UniRef50_P09047	29.032	124	88	0	114	237	102	225	1.31e-08	62.0
NC_035191.1_orf:0_1	UniRef50_V9PIW6	26.613	124	91	0	114	237	23	146	1.43e-07	57.8
NC_035191.1_orf:0_1	UniRef50_Q6Q1S1	28.000	175	93	5	60	230	67	212	4.45e-07	57.4
NC_035191.1_orf:0_1	UniRef50_A8JNZ3	22.066	213	159	3	40	245	16	228	1.12e-05	53.1
NC_035191.1_orf:0_1	UniRef50_A0A0U2GMK5	20.556	180	133	4	59	231	35	211	4.75e-05	51.6
NC_035191.1_orf:0_1	UniRef50_A0A0U1UYW5	30.303	132	87	4	116	246	92	219	8.71e-05	50.4
NC_035191.1_orf:0_1	UniRef50_A0A0U1WJW8	29.310	116	78	2	114	229	89	200	3.91e-04	48.5
NC_035191.1_orf:1_1	UniRef50_A0A240FW17	100.000	2664	0	0	4	2667	3661	6324	0.0	5551
NC_035191.1_orf:1_1	UniRef50_A0A096XNJ9	93.644	2124	135	0	2	2125	844	2967	0.0	4174
NC_035191.1_orf:1_1	UniRef50_P0C6X5	64.550	2677	934	9	4	2667	4052	6726	0.0	3627
NC_035191.1_orf:1_1	UniRef50_A0A096XNJ0	63.287	2683	965	9	2	2667	2299	4978	0.0	3616
NC_035191.1_orf:1_1	UniRef50_P0C6X1	63.362	2683	964	11	2	2667	4075	6755	0.0	3603
NC_035191.1_orf:1_1	UniRef50_S5YAF0	63.252	2675	972	8	2	2667	4150	6822	0.0	3589
NC_035191.1_orf:1_1	UniRef50_Q98VG9	62.927	2665	977	6	13	2667	4043	6706	0.0	3566
NC_035191.1_orf:1_1	UniRef50_A0A096XNJ3	62.668	2684	978	10	2	2667	4068	6745	0.0	3503
NC_035191.1_orf:1_1	UniRef50_P0C6W5	54.269	2694	1177	26	1	2655	4239	6916	0.0	2979
NC_035191.1_orf:1_1	UniRef50_K9N7C7	54.258	2689	1184	25	1	2655	4383	7059	0.0	2965
NC_035191.1_orf:1_2	UniRef50_A0A240FW18	100.000	1134	0	0	3	1136	1	1134	0.0	2340
NC_035191.1_orf:1_2	UniRef50_A8JNZ2	37.881	1180	635	31	3	1136	1	1128	0.0	736
NC_035191.1_orf:1_2	UniRef50_A0A1L7HJ82	38.109	1026	561	27	139	1136	155	1134	0.0	625
NC_035191.1_orf:1_2	UniRef50_A3EXG6	28.528	992	606	35	216	1130	297	1262	3.11e-102	359
NC_035191.1_orf:1_2	UniRef50_A0A166ZL64	27.909	1014	597	34	212	1132	257	1229	1.52e-97	345
NC_035191.1_orf:1_2	UniRef50_F1BYL9	32.720	761	431	23	430	1136	561	1294	9.95e-96	341
NC_035191.1_orf:1_2	UniRef50_L7UP84	30.053	752	465	20	429	1135	590	1325	6.50e-95	338
NC_035191.1_orf:1_2	UniRef50_K9N5Q8	29.948	768	469	22	427	1136	597	1353	1.23e-89	324
NC_035191.1_orf:1_2	UniRef50_P59594	29.366	773	491	22	400	1132	491	1248	7.47e-88	317
NC_035191.1_orf:1_2	UniRef50_UPI00050B28D5	32.513	569	340	15	604	1136	4	564	1.66e-85	296
NC_035191.1_orf:1_3	UniRef50_A0A220I8U1	100.000	75	0	0	8	82	1	75	6.85e-48	153
NC_035191.1_orf:1_3	UniRef50_P19741	43.478	69	39	0	14	82	7	75	5.80e-11	60.1
NC_035191.1_orf:1_3	UniRef50_Q84706	41.333	75	43	1	8	82	1	74	9.74e-09	54.3
NC_035191.1_orf:1_3	UniRef50_A0A1L7HIW4	42.424	66	38	0	12	77	8	73	1.15e-08	54.3
NC_035191.1_orf:1_3	UniRef50_A0A0U1UYX1	40.580	69	41	0	8	76	1	69	4.90e-07	50.1
NC_035191.1_orf:1_4	UniRef50_A0A1L7HJ65	53.456	217	100	1	17	232	31	247	4.97e-78	242
NC_035191.1_orf:1_4	UniRef50_P04135	51.613	217	104	1	17	232	45	261	1.70e-72	228
NC_035191.1_orf:1_4	UniRef50_A0A077ER14	48.544	206	105	1	28	232	1	206	5.15e-67	212
NC_035191.1_orf:1_4	UniRef50_A0A0K2SF30	47.465	217	113	1	17	232	48	264	4.70e-66	212
NC_035191.1_orf:1_4	UniRef50_P15422	44.444	216	119	1	18	232	9	224	1.34e-53	179
NC_035191.1_orf:1_4	UniRef50_V5R662	52.632	133	63	0	83	215	3	135	1.18e-45	155
NC_035191.1_orf:1_4	UniRef50_P03415	34.884	215	137	2	15	229	15	226	1.48e-35	132
NC_035191.1_orf:1_4	UniRef50_U5LQX7	35.000	220	136	4	11	230	3	215	4.66e-35	131
NC_035191.1_orf:1_4	UniRef50_A3EXG9	32.287	223	143	5	5	227	1	215	1.54e-34	130
NC_035191.1_orf:1_4	UniRef50_K9N7A1	34.562	217	135	4	14	230	7	216	4.01e-34	129
NC_035191.1_orf:1_5	UniRef50_A0A240FW20	100.000	366	0	0	2	367	1	366	0.0	745
NC_035191.1_orf:1_5	UniRef50_K4JZT7	35.233	386	207	12	17	362	11	393	2.53e-57	199
NC_035191.1_orf:1_5	UniRef50_F1DAY0	36.240	367	187	11	27	354	16	374	3.19e-57	198
NC_035191.1_orf:1_5	UniRef50_A0A1X9JRR1	32.174	345	213	7	15	349	22	355	4.91e-48	174
NC_035191.1_orf:1_5	UniRef50_Q0Q462	38.623	334	172	14	23	333	12	335	1.22e-45	168
NC_035191.1_orf:1_5	UniRef50_S5YAG0	35.632	348	185	10	20	334	8	349	2.15e-44	165
NC_035191.1_orf:1_5	UniRef50_A0A1L7HJ39	32.121	330	209	7	29	350	36	358	3.76e-42	159
NC_035191.1_orf:1_5	UniRef50_Q0Q099	30.102	392	218	11	17	355	7	395	1.54e-39	152
NC_035191.1_orf:1_5	UniRef50_B1PHJ9	32.240	366	204	13	22	356	13	365	6.77e-39	150
NC_035191.1_orf:1_5	UniRef50_P15130	32.973	370	216	11	7	354	4	363	6.51e-38	147
NC_035191.1_orf:2_1	UniRef50_A0A240FW17	100.000	3660	0	0	42	3701	1	3660	0.0	7458
NC_035191.1_orf:2_1	UniRef50_A0A0U2GN93	37.511	3311	1841	59	551	3710	857	4090	0.0	2075
NC_035191.1_orf:2_1	UniRef50_A0A0U2GN93	23.090	602	398	22	42	590	1	590	1.95e-21	113
NC_035191.1_orf:2_1	UniRef50_A8JNZ1	36.568	3462	1943	70	403	3710	697	4059	0.0	2072
NC_035191.1_orf:2_1	UniRef50_A8JNZ1	27.863	585	355	22	42	573	1	571	2.99e-37	165
NC_035191.1_orf:2_1	UniRef50_P0C6U2	37.251	3310	1846	58	551	3710	857	4085	0.0	2063
NC_035191.1_orf:2_1	UniRef50_P0C6U2	24.257	606	386	24	42	590	1	590	2.29e-18	103
NC_035191.1_orf:2_1	UniRef50_P0C6X1	37.201	3301	1842	58	551	3701	857	4076	0.0	2053
NC_035191.1_orf:2_1	UniRef50_P0C6X1	24.257	606	386	24	42	590	1	590	2.02e-18	103
NC_035191.1_orf:2_1	UniRef50_B1PHK1	42.723	2453	1317	35	1318	3710	1807	4231	0.0	1971
NC_035191.1_orf:2_1	UniRef50_B1PHK1	26.187	611	395	18	42	604	1	603	9.48e-30	140
NC_035191.1_orf:2_1	UniRef50_B1PHK1	27.790	457	282	16	772	1192	1149	1593	8.81e-29	137
NC_035191.1_orf:2_1	UniRef50_B1PHK1	31.013	158	80	7	555	709	855	986	5.17e-07	65.5
NC_035191.1_orf:2_1	UniRef50_P0C6V6	43.468	2457	1300	39	1318	3710	1686	4117	0.0	1962
NC_035191.1_orf:2_1	UniRef50_P0C6V6	27.861	664	409	21	552	1184	856	1480	1.95e-50	209
NC_035191.1_orf:2_1	UniRef50_P0C6V6	24.789	593	370	18	42	576	1	575	4.00e-23	118
NC_035191.1_orf:2_1	UniRef50_S5Z1D1	42.281	2455	1327	36	1320	3710	1732	4160	0.0	1940
NC_035191.1_orf:2_1	UniRef50_S5Z1D1	26.205	809	461	30	440	1157	749	1512	7.73e-48	200
NC_035191.1_orf:2_1	UniRef50_S5Z1D1	26.585	568	355	19	56	573	15	570	7.96e-28	134
NC_035191.1_orf:2_1	UniRef50_S5YAF0	42.191	2446	1324	36	1320	3701	1732	4151	0.0	1925
NC_035191.1_orf:2_1	UniRef50_S5YAF0	26.179	806	459	30	440	1154	749	1509	9.20e-48	200
NC_035191.1_orf:2_1	UniRef50_S5YAF0	26.585	568	355	19	56	573	15	570	6.72e-28	134
NC_035191.1_orf:2_1	UniRef50_P0C6X5	42.188	2496	1361	38	1264	3701	1580	4051	0.0	1921
NC_035191.1_orf:2_1	UniRef50_P0C6X5	27.619	630	393	21	551	1170	858	1434	3.33e-47	198
NC_035191.1_orf:2_1	UniRef50_P0C6X5	26.520	592	372	16	42	581	1	581	3.05e-37	165
