NC_025217.1_orf:0_13	UniRef50_F1BYL9	51.489	1276	576	19	64	1322	49	1298	0.0	1264
NC_025217.1_orf:0_13	UniRef50_P59594	41.208	1291	649	32	64	1321	41	1254	0.0	889
NC_025217.1_orf:0_13	UniRef50_A0A166ZL64	40.216	1298	642	30	59	1321	37	1235	0.0	875
NC_025217.1_orf:0_13	UniRef50_UPI000A1C7A5A	39.707	1229	637	29	64	1264	28	1180	0.0	791
NC_025217.1_orf:0_13	UniRef50_A3EXG6	34.696	1150	613	32	217	1315	199	1261	0.0	619
NC_025217.1_orf:0_13	UniRef50_Q64FG1	56.697	545	207	7	793	1321	2	533	0.0	614
NC_025217.1_orf:0_13	UniRef50_K9N5Q8	33.543	1115	641	26	259	1320	284	1351	8.10e-171	552
NC_025217.1_orf:0_13	UniRef50_L7UP84	39.498	757	414	15	578	1312	583	1317	3.18e-154	507
NC_025217.1_orf:0_13	UniRef50_L7UP84	26.490	151	101	3	304	452	330	472	1.59e-05	58.5
NC_025217.1_orf:0_13	UniRef50_P36334	38.114	753	423	15	578	1310	610	1339	4.24e-146	486
NC_025217.1_orf:0_13	UniRef50_P36334	20.853	422	283	13	61	464	47	435	2.36e-11	77.8
NC_025217.1_orf:0_13	UniRef50_Q7TG53	37.855	774	438	17	571	1320	49	803	4.39e-144	465
NC_025217.1_orf:0_14	UniRef50_A0A088DI21	100.000	245	0	0	3	247	1	245	8.46e-179	497
NC_025217.1_orf:0_14	UniRef50_F1BYM0	46.875	256	118	5	3	247	1	249	2.31e-70	223
NC_025217.1_orf:0_14	UniRef50_A0A0U1UZ44	25.448	279	169	12	3	247	1	274	9.23e-05	51.2
NC_025217.1_orf:0_15	UniRef50_Q3LZW9	60.938	64	25	0	1	64	1	64	1.53e-20	84.3
NC_025217.1_orf:0_15	UniRef50_UPI000B3D7B91	53.333	60	28	0	4	63	20	79	2.31e-13	66.2
NC_025217.1_orf:0_18	UniRef50_P59595	54.366	355	152	5	7	355	15	365	8.31e-103	318
NC_025217.1_orf:0_18	UniRef50_A0A1W6ASV5	50.575	348	140	8	27	354	26	361	7.64e-95	298
NC_025217.1_orf:0_18	UniRef50_K9N4V7	48.739	357	154	6	18	354	14	361	5.60e-87	277
NC_025217.1_orf:0_18	UniRef50_U5LQW6	50.149	335	152	5	32	355	28	358	1.43e-84	271
NC_025217.1_orf:0_18	UniRef50_A3EXH0	44.798	346	179	5	16	354	35	375	2.92e-78	256
NC_025217.1_orf:0_18	UniRef50_P18447	38.827	358	175	14	44	371	65	408	1.65e-50	184
NC_025217.1_orf:0_18	UniRef50_Q7TG52	39.498	319	160	10	53	352	1	305	5.61e-49	177
NC_025217.1_orf:0_18	UniRef50_A0A068FM93	47.479	238	102	4	81	304	1	229	2.50e-48	171
NC_025217.1_orf:0_18	UniRef50_Q6T1D2	47.222	252	123	5	7	252	15	262	1.44e-46	168
NC_025217.1_orf:0_18	UniRef50_UPI0000378F12	60.000	135	53	1	41	174	24	158	3.73e-46	163
NC_025217.1_orf:1_2	UniRef50_P0C6X7	73.466	2706	709	4	2	2707	4376	7072	0.0	4334
NC_025217.1_orf:1_2	UniRef50_P0C6W5	66.975	2701	861	16	2	2694	4239	6916	0.0	3867
NC_025217.1_orf:1_2	UniRef50_K9N7C7	66.605	2710	881	12	2	2707	4383	7072	0.0	3823
NC_025217.1_orf:1_2	UniRef50_Q9J3E8	62.400	2742	970	12	1	2707	16	2731	0.0	3577
NC_025217.1_orf:1_2	UniRef50_P0C6X6	62.004	2745	978	14	2	2707	4375	7093	0.0	3555
NC_025217.1_orf:1_2	UniRef50_P0C6X2	61.712	2745	987	15	1	2707	4462	7180	0.0	3536
NC_025217.1_orf:1_2	UniRef50_A0A166ZKW3	76.694	2081	484	1	2	2082	1441	3520	0.0	3491
NC_025217.1_orf:1_2	UniRef50_A0A096XNJ0	56.208	2706	1143	21	2	2698	2298	4970	0.0	3139
NC_025217.1_orf:1_2	UniRef50_S5YAF0	56.538	2715	1133	24	1	2707	4148	6823	0.0	3121
NC_025217.1_orf:1_2	UniRef50_Q98VG9	56.620	2704	1124	23	14	2707	4043	6707	0.0	3115
NC_025217.1_orf:1_3	UniRef50_A0A088DJH4	100.000	451	0	0	5	455	1	451	0.0	926
NC_025217.1_orf:1_3	UniRef50_F1BYL9	31.535	241	148	8	96	324	82	317	3.97e-23	111
NC_025217.1_orf:1_8	UniRef50_A0A088DIE6	100.000	223	0	0	21	243	1	223	6.22e-163	456
NC_025217.1_orf:1_8	UniRef50_P59596	53.425	219	102	0	25	243	3	221	5.73e-77	238
NC_025217.1_orf:1_8	UniRef50_U5LQX7	47.393	211	111	0	25	235	2	212	3.82e-63	203
NC_025217.1_orf:1_8	UniRef50_A0A1B3Q5W6	44.651	215	118	1	21	235	1	214	2.91e-59	193
NC_025217.1_orf:1_8	UniRef50_A3EXG9	40.724	221	131	0	21	241	1	221	2.94e-58	191
NC_025217.1_orf:1_8	UniRef50_K9N7A1	41.905	210	121	1	25	233	2	211	1.59e-54	181
NC_025217.1_orf:1_8	UniRef50_P03415	42.453	212	121	1	30	240	15	226	5.22e-50	170
NC_025217.1_orf:1_8	UniRef50_Q6SRK0	56.738	141	61	0	25	165	3	143	1.76e-47	160
NC_025217.1_orf:1_8	UniRef50_L7QCU7	45.810	179	96	1	38	215	1	179	2.04e-47	162
NC_025217.1_orf:1_8	UniRef50_A0A1L7HJ65	33.816	207	131	4	40	240	39	245	2.25e-34	130
NC_025217.1_orf:1_9	UniRef50_A0A088DJH7	100.000	72	0	0	6	77	1	72	1.20e-45	147
NC_025217.1_orf:1_10	UniRef50_A0A088DJZ0	100.000	107	0	0	7	113	1	107	8.08e-74	221
NC_025217.1_orf:2_1	UniRef50_P0C6F5	47.560	3442	1676	38	1198	4569	1006	4388	0.0	3279
NC_025217.1_orf:2_1	UniRef50_P0C6F5	30.998	942	614	19	23	946	1	924	1.29e-116	428
NC_025217.1_orf:2_1	UniRef50_P0C6X7	47.402	3426	1689	34	1198	4565	1008	4378	0.0	3265
NC_025217.1_orf:2_1	UniRef50_P0C6X7	30.867	946	604	21	30	950	8	928	2.73e-117	431
NC_025217.1_orf:2_1	UniRef50_P0C6T6	38.942	3423	1931	54	1196	4569	933	4245	0.0	2397
NC_025217.1_orf:2_1	UniRef50_P0C6T6	25.274	1005	604	44	33	989	11	916	3.41e-36	162
NC_025217.1_orf:2_1	UniRef50_P0C6W5	38.959	3419	1928	54	1196	4565	933	4241	0.0	2393
NC_025217.1_orf:2_1	UniRef50_P0C6W5	25.274	1005	604	44	33	989	11	916	5.08e-36	161
NC_025217.1_orf:2_1	UniRef50_U5LR11	38.861	3232	1826	58	1434	4569	1275	4452	0.0	2224
NC_025217.1_orf:2_1	UniRef50_U5LR11	27.606	1362	862	44	50	1353	45	1340	1.25e-98	369
NC_025217.1_orf:2_1	UniRef50_K9N638	39.400	3165	1800	59	1482	4569	1266	4389	0.0	2216
NC_025217.1_orf:2_1	UniRef50_K9N638	26.840	1114	734	35	32	1101	25	1101	1.42e-76	295
NC_025217.1_orf:2_1	UniRef50_K9N638	36.187	257	145	3	1111	1353	1019	1270	9.11e-30	140
NC_025217.1_orf:2_1	UniRef50_K9N7C7	39.373	3157	1797	58	1482	4562	1266	4381	0.0	2211
NC_025217.1_orf:2_1	UniRef50_K9N7C7	26.840	1114	734	35	32	1101	25	1101	1.29e-76	296
NC_025217.1_orf:2_1	UniRef50_K9N7C7	36.187	257	145	3	1111	1353	1019	1270	1.15e-29	140
NC_025217.1_orf:2_1	UniRef50_T2BBD9	40.007	3007	1696	53	1639	4569	2	2976	0.0	2166
NC_025217.1_orf:2_1	UniRef50_P0C6V0	38.201	3013	1675	66	1645	4569	1553	4466	0.0	1903
NC_025217.1_orf:2_1	UniRef50_P0C6V0	37.013	154	93	3	1202	1352	1320	1472	1.11e-13	87.8
NC_025217.1_orf:2_1	UniRef50_P0C6V0	22.584	952	546	40	121	1006	164	990	8.13e-08	68.6
NC_025217.1_orf:2_1	UniRef50_P0C6U7	37.957	2927	1651	65	1702	4569	1561	4381	0.0	1890
NC_025217.1_orf:2_1	UniRef50_P0C6U7	32.292	192	117	3	1174	1352	1234	1425	1.66e-14	90.5
NC_025217.1_orf:2_1	UniRef50_P0C6U7	27.854	219	144	8	744	956	760	970	1.25e-04	57.8
