NC_028833.1_orf:0_12	UniRef50_A0A023Y9V4	40.625	64	32	2	32	93	31	90	2.28e-05	48.1
NC_028833.1_orf:1_19	UniRef50_A0A0U1WHF5	100.000	431	0	0	18	448	1	431	0.0	887
NC_028833.1_orf:1_19	UniRef50_K4JZT7	46.279	430	181	7	18	429	1	398	1.61e-123	372
NC_028833.1_orf:1_19	UniRef50_F1DAY0	48.019	429	173	11	23	442	2	389	1.17e-120	364
NC_028833.1_orf:1_19	UniRef50_B1PHJ9	46.618	414	177	6	28	438	8	380	1.46e-115	351
NC_028833.1_orf:1_19	UniRef50_Q0Q099	42.384	453	202	9	23	448	2	422	9.97e-103	319
NC_028833.1_orf:1_19	UniRef50_A0A1W5YKT5	45.144	381	177	6	31	398	8	369	2.09e-97	306
NC_028833.1_orf:1_19	UniRef50_A0A0U1WHF1	43.617	376	181	5	31	394	8	364	1.48e-93	296
NC_028833.1_orf:1_19	UniRef50_S5YAG0	43.909	394	177	10	30	415	7	364	3.66e-93	295
NC_028833.1_orf:1_19	UniRef50_Q0Q462	46.070	369	148	8	32	392	9	334	2.46e-92	291
NC_028833.1_orf:1_19	UniRef50_Q07499	44.180	378	182	6	32	392	9	374	3.19e-83	270
NC_028833.1_orf:2_1	UniRef50_S5YAF0	79.797	2663	537	1	4	2665	4150	6812	0.0	4601
NC_028833.1_orf:2_1	UniRef50_A0A096XNJ0	78.806	2680	556	5	2	2671	2297	4974	0.0	4561
NC_028833.1_orf:2_1	UniRef50_P0C6X5	77.636	2674	593	1	4	2672	4050	6723	0.0	4502
NC_028833.1_orf:2_1	UniRef50_P0C6X1	77.986	2671	579	2	4	2665	4075	6745	0.0	4489
NC_028833.1_orf:2_1	UniRef50_Q98VG9	72.274	2669	733	4	15	2679	4043	6708	0.0	4172
NC_028833.1_orf:2_1	UniRef50_A0A096XNJ3	70.667	2683	769	6	2	2672	4066	6742	0.0	4037
NC_028833.1_orf:2_1	UniRef50_A0A240FW17	64.728	2665	924	12	6	2665	3661	6314	0.0	3642
NC_028833.1_orf:2_1	UniRef50_P0C6W5	56.461	2701	1129	21	3	2668	4239	6927	0.0	3145
NC_028833.1_orf:2_1	UniRef50_K9N7C7	56.792	2687	1125	20	3	2663	4383	7059	0.0	3121
NC_028833.1_orf:2_1	UniRef50_P0C6X7	56.174	2697	1141	20	3	2667	4376	7063	0.0	3109
NC_028833.1_orf:2_2	UniRef50_A0A0U1WJW8	100.000	207	0	0	15	221	1	207	2.05e-148	418
NC_028833.1_orf:2_2	UniRef50_K4K2S1	45.366	205	101	2	15	214	1	199	6.44e-51	171
NC_028833.1_orf:2_2	UniRef50_F1DAX7	42.365	203	110	2	17	215	4	203	7.22e-47	161
NC_028833.1_orf:2_2	UniRef50_Q91AV0	37.255	204	123	1	17	215	4	207	1.90e-39	142
NC_028833.1_orf:2_2	UniRef50_A0A0U2GMK5	37.681	207	119	4	17	214	4	209	1.14e-38	140
NC_028833.1_orf:2_2	UniRef50_S5ZIX9	37.864	206	117	2	17	214	4	206	3.37e-38	139
NC_028833.1_orf:2_2	UniRef50_Q6Q1S1	37.736	212	117	3	17	216	5	213	7.83e-36	133
NC_028833.1_orf:2_2	UniRef50_B1PHJ6	37.619	210	120	3	17	221	4	207	1.22e-34	129
NC_028833.1_orf:2_2	UniRef50_A0A1X9JJW1	43.103	174	95	1	45	214	32	205	3.46e-33	125
NC_028833.1_orf:2_2	UniRef50_A8JNZ3	32.381	210	127	3	17	214	4	210	8.11e-31	120
NC_028833.1_orf:2_3	UniRef50_A0A0U1UYX1	100.000	75	0	0	9	83	1	75	1.38e-47	152
NC_028833.1_orf:2_3	UniRef50_P19741	45.070	71	39	0	9	79	1	71	5.10e-17	75.5
NC_028833.1_orf:2_3	UniRef50_Q84706	50.000	76	36	1	10	83	1	76	1.29e-14	69.3
NC_028833.1_orf:2_3	UniRef50_A0A1L7HIW4	33.333	69	46	0	15	83	10	78	7.39e-09	54.7
NC_028833.1_orf:2_3	UniRef50_A0A220I8U1	40.580	69	41	0	9	77	1	69	2.45e-05	45.8
NC_028833.1_orf:2_4	UniRef50_A0A1L7HJ65	56.542	214	91	2	18	230	36	248	3.77e-84	257
NC_028833.1_orf:2_4	UniRef50_P15422	57.709	227	93	1	3	229	1	224	5.74e-83	253
NC_028833.1_orf:2_4	UniRef50_P04135	51.046	239	106	4	1	230	26	262	4.79e-81	250
NC_028833.1_orf:2_4	UniRef50_A0A0K2SF30	50.000	228	112	2	4	230	39	265	4.93e-79	245
NC_028833.1_orf:2_4	UniRef50_A0A077ER14	51.675	209	97	3	24	230	1	207	6.00e-75	232
NC_028833.1_orf:2_4	UniRef50_V5R662	52.239	134	64	0	78	211	2	135	7.76e-47	158
NC_028833.1_orf:2_4	UniRef50_A0A0B5IY73	62.810	121	45	0	110	230	1	121	7.11e-44	150
NC_028833.1_orf:2_4	UniRef50_A8VLQ7	67.368	95	31	0	37	131	1	95	5.57e-43	147
NC_028833.1_orf:2_4	UniRef50_U5LQX7	37.073	205	125	3	6	210	2	202	7.89e-40	143
NC_028833.1_orf:2_4	UniRef50_A0A1B3Q5W6	37.113	194	118	3	3	195	1	191	2.52e-39	142
