NC_007733.2_orf:0_2	UniRef50_Q9J5U7	61.924	499	187	2	1	499	247	742	0.0	662
NC_007733.2_orf:0_2	UniRef50_A2TJS9	58.537	492	200	2	1	490	1	490	0.0	605
NC_007733.2_orf:0_2	UniRef50_P17460	51.154	520	243	6	1	514	252	766	9.77e-178	526
NC_007733.2_orf:0_2	UniRef50_Q83424	50.096	519	254	4	1	515	270	787	2.47e-175	520
NC_007733.2_orf:0_2	UniRef50_A0A1B2ARY9	51.081	509	234	9	1	501	259	760	4.61e-173	514
NC_007733.2_orf:0_2	UniRef50_A0A1L3KG07	50.100	499	244	4	21	515	1	498	1.25e-171	500
NC_007733.2_orf:0_2	UniRef50_Q56TL0	52.918	497	224	6	8	498	249	741	9.83e-169	503
NC_007733.2_orf:0_2	UniRef50_Q9IRA2	50.806	496	237	6	1	495	246	735	1.84e-165	498
NC_007733.2_orf:0_2	UniRef50_B7U995	47.817	504	252	6	1	499	229	726	1.51e-155	468
NC_007733.2_orf:0_2	UniRef50_F1BA29	46.169	509	268	5	1	506	250	755	2.17e-151	458
NC_007733.2_orf:0_3	UniRef50_Q9DJV3	50.000	86	38	1	3	88	1	81	3.17e-15	71.2
NC_007733.2_orf:0_3	UniRef50_P0C778	50.000	86	38	1	3	88	1	81	4.86e-15	70.9
NC_007733.2_orf:0_3	UniRef50_A0A1J1DNU6	46.591	88	45	1	3	90	1	86	6.72e-15	70.5
NC_007733.2_orf:0_3	UniRef50_C7E3L4	37.349	83	48	2	7	88	2	81	3.36e-08	53.5
NC_007733.2_orf:0_3	UniRef50_Q1PGG3	41.860	86	45	2	2	87	24	104	4.12e-05	46.2
NC_007733.2_orf:2_1	UniRef50_P0C777	59.091	44	18	0	32	75	18	61	8.52e-10	56.2
NC_007733.2_orf:2_1	UniRef50_E7EEK6	47.761	67	27	2	9	71	4	66	2.05e-07	50.4
NC_007733.2_orf:2_1	UniRef50_Q70WT9	54.545	44	20	0	32	75	25	68	2.42e-06	47.8
NC_007733.2_orf:2_2	UniRef50_Q2Q470	100.000	351	0	0	28	378	1	351	0.0	721
NC_007733.2_orf:2_2	UniRef50_B2ZPJ6	97.175	177	5	0	117	293	1	177	1.59e-122	358
NC_007733.2_orf:2_2	UniRef50_Q70WU3	37.784	352	211	5	28	378	1	345	1.54e-68	226
NC_007733.2_orf:2_2	UniRef50_A0A1B2ARZ3	34.473	351	221	5	31	378	3	347	6.38e-59	201
NC_007733.2_orf:2_2	UniRef50_F1BA33	36.119	335	199	5	32	361	6	330	9.67e-58	198
NC_007733.2_orf:2_2	UniRef50_P04383	37.821	312	182	5	19	329	1	301	1.20e-55	193
NC_007733.2_orf:2_2	UniRef50_P89111	34.286	350	214	7	33	378	7	344	2.43e-55	192
NC_007733.2_orf:2_2	UniRef50_E5FFK1	38.971	272	157	3	19	290	1	263	1.36e-52	182
NC_007733.2_orf:2_2	UniRef50_C7E3L5	32.986	288	185	4	28	314	1	281	1.90e-45	166
NC_007733.2_orf:2_2	UniRef50_Q9IR97	34.091	308	190	7	31	330	3	305	8.80e-44	162
NC_024473.1_orf:0_1	UniRef50_P03523	65.717	2106	715	3	18	2119	7	2109	0.0	2954
NC_024473.1_orf:0_1	UniRef50_A0A249Y6Z0	53.067	2103	953	11	15	2104	4	2085	0.0	2238
NC_024473.1_orf:0_1	UniRef50_Q91DR9	52.963	2109	962	15	17	2117	7	2093	0.0	2236
NC_024473.1_orf:0_1	UniRef50_E7D0U6	46.336	2115	1090	22	33	2119	19	2116	0.0	1847
NC_024473.1_orf:0_1	UniRef50_V5PZP2	44.802	2116	1099	28	12	2089	5	2089	0.0	1758
NC_024473.1_orf:0_1	UniRef50_E3P8Z1	45.617	2076	1054	25	44	2097	32	2054	0.0	1740
NC_024473.1_orf:0_1	UniRef50_A0A0B5KTT2	44.027	2101	1136	24	40	2119	32	2113	0.0	1731
NC_024473.1_orf:0_1	UniRef50_Q06Z35	44.676	2019	1063	25	44	2048	34	2012	0.0	1702
NC_024473.1_orf:0_1	UniRef50_A0A0B5KXL1	42.959	2095	1165	17	14	2089	10	2093	0.0	1700
NC_024473.1_orf:0_1	UniRef50_A0A0B5KRH1	44.247	2077	1106	22	9	2048	35	2096	0.0	1681
NC_024473.1_orf:1_1	UniRef50_P04881	99.052	422	4	0	9	430	1	422	0.0	868
NC_024473.1_orf:1_1	UniRef50_P03521	69.194	422	130	0	9	430	1	422	0.0	635
NC_024473.1_orf:1_1	UniRef50_Q91DS3	51.559	417	201	1	12	428	2	417	3.81e-151	442
NC_024473.1_orf:1_1	UniRef50_I1SV87	61.801	322	120	1	110	428	1	322	7.85e-146	425
NC_024473.1_orf:1_1	UniRef50_U3LXK0	47.887	426	213	4	9	429	1	422	2.16e-136	404
NC_024473.1_orf:1_1	UniRef50_G8E0K8	56.872	211	90	1	218	428	1	210	1.60e-80	254
NC_024473.1_orf:1_1	UniRef50_D8V070	32.864	426	271	6	16	428	4	427	1.97e-75	248
NC_024473.1_orf:1_1	UniRef50_A0A0D3R1K1	32.388	423	273	3	18	428	6	427	8.97e-74	244
NC_024473.1_orf:1_1	UniRef50_Q06Z40	32.235	425	275	5	13	427	6	427	2.53e-70	235
NC_024473.1_orf:1_1	UniRef50_A0A097A599	35.777	341	217	2	17	356	5	344	4.24e-69	233
NC_024473.1_orf:1_2	UniRef50_P04877	94.891	274	14	0	7	280	1	274	0.0	533
NC_024473.1_orf:1_2	UniRef50_A0A140DCB9	90.511	274	26	0	7	280	1	274	2.07e-177	496
NC_024473.1_orf:1_2	UniRef50_D2CG95	87.766	188	23	0	51	238	1	188	7.96e-110	322
NC_024473.1_orf:1_2	UniRef50_Q98791	78.000	150	33	0	94	243	1	150	6.37e-72	224
NC_024473.1_orf:1_2	UniRef50_A0A0D3R1C6	40.214	281	151	6	7	280	1	271	1.08e-51	177
NC_024473.1_orf:1_2	UniRef50_P03520	31.900	279	171	5	7	280	1	265	1.21e-35	135
NC_024473.1_orf:1_2	UniRef50_A6H3E4	35.294	153	85	2	128	280	2	140	3.49e-20	91.7
NC_024473.1_orf:1_2	UniRef50_A0A097F7A3	29.487	156	95	2	99	253	41	182	2.77e-15	79.7
NC_024473.1_orf:1_2	UniRef50_D2CG87	30.822	146	84	3	99	242	31	161	1.36e-12	72.0
NC_024473.1_orf:1_2	UniRef50_UPI0001B04C74	40.000	75	44	1	207	280	13	87	5.42e-09	60.1
NC_024473.1_orf:1_3	UniRef50_B7UCZ6	51.262	515	240	5	8	520	1	506	0.0	543
NC_024473.1_orf:1_3	UniRef50_P03522	51.068	515	241	5	8	520	1	506	0.0	540
NC_024473.1_orf:1_3	UniRef50_G3G878	47.481	516	263	3	9	524	3	510	0.0	535
NC_024473.1_orf:1_3	UniRef50_Q9IG71	98.785	247	3	0	28	274	1	247	0.0	521
NC_024473.1_orf:1_3	UniRef50_M4VNB9	38.583	508	305	4	7	512	3	505	5.13e-133	403
NC_024473.1_orf:1_3	UniRef50_P13180	39.080	522	306	7	3	521	1	513	8.79e-131	397
NC_024473.1_orf:1_3	UniRef50_K4FD99	36.207	522	316	7	10	524	4	515	3.22e-115	358
NC_024473.1_orf:1_3	UniRef50_Q91DS0	32.164	513	335	7	6	516	1	502	1.64e-84	278
NC_024473.1_orf:1_3	UniRef50_A0A249Y6Z4	29.924	528	344	9	8	521	1	516	7.31e-77	258
NC_024473.1_orf:1_3	UniRef50_G8XP29	33.766	385	245	7	6	387	1	378	2.25e-66	226
NC_024473.1_orf:2_1	UniRef50_P0C2X5	95.385	65	3	0	3	67	1	65	1.06e-34	119
NC_024473.1_orf:2_2	UniRef50_P03519	61.165	206	80	0	31	236	24	229	4.16e-93	280
NC_024473.1_orf:2_2	UniRef50_UPI00049EA1A9	59.043	188	77	0	49	236	1	188	4.37e-81	248
NC_024473.1_orf:2_2	UniRef50_I1SV82	32.018	228	146	4	8	231	1	223	3.98e-27	111
NC_024473.1_orf:2_2	UniRef50_M4VS08	28.713	202	134	4	30	227	24	219	2.30e-22	98.6
NC_024473.1_orf:2_2	UniRef50_Q9WH76	29.208	202	137	2	32	231	30	227	1.49e-21	96.7
NC_024473.1_orf:2_2	UniRef50_Q85212	25.751	233	158	3	8	231	1	227	7.58e-21	94.7
NC_024473.1_orf:2_2	UniRef50_P04888	26.754	228	147	4	8	235	1	208	4.99e-20	92.4
NC_024473.1_orf:2_2	UniRef50_U3LZD6	28.788	132	89	2	71	202	53	179	3.46e-11	68.6
NC_024473.1_orf:2_2	UniRef50_K4FCJ4	25.126	199	144	2	31	229	43	236	5.08e-11	68.6
NC_024473.1_orf:2_2	UniRef50_A0A249Y6Y8	26.772	127	93	0	72	198	50	176	2.65e-07	57.4
NC_022895.1_orf:0_1	UniRef50_Q283N2	73.973	219	57	0	10	228	1	219	1.28e-118	343
NC_022895.1_orf:0_1	UniRef50_Q9IWA0	63.514	222	81	0	7	228	1	222	8.78e-89	284
NC_022895.1_orf:0_1	UniRef50_A0A221HZL3	33.471	242	124	10	1	222	51	275	1.08e-18	92.4
NC_022895.1_orf:0_1	UniRef50_Q0Z8E1	40.000	90	54	0	123	212	1	90	2.39e-07	57.4
NC_022895.1_orf:0_1	UniRef50_P15187	41.489	94	50	2	122	212	191	282	5.13e-07	58.2
NC_022895.1_orf:0_1	UniRef50_C5J070	39.362	94	52	2	122	212	191	282	4.88e-06	54.7
NC_022895.1_orf:0_2	UniRef50_Q9IWA0	85.798	514	73	0	1	514	224	737	0.0	933
NC_022895.1_orf:0_2	UniRef50_Q2ERI7	80.000	515	103	0	1	515	18	532	0.0	868
NC_022895.1_orf:0_2	UniRef50_A0A221HZL3	61.420	521	194	4	1	515	282	801	0.0	647
NC_022895.1_orf:0_2	UniRef50_Q91H19	91.964	224	18	0	220	443	1	224	2.13e-152	441
NC_022895.1_orf:0_2	UniRef50_P15187	46.307	501	261	6	1	495	298	796	3.05e-144	441
NC_022895.1_orf:0_2	UniRef50_A0A1L3KG07	46.336	464	234	7	40	490	13	474	4.19e-124	379
NC_022895.1_orf:0_2	UniRef50_Q9IRA2	45.106	470	244	6	28	488	266	730	2.88e-123	389
NC_022895.1_orf:0_2	UniRef50_Q83424	46.336	464	234	7	40	490	302	763	2.63e-120	379
NC_022895.1_orf:0_2	UniRef50_A0A1L3KH37	42.495	473	258	4	25	490	171	636	1.39e-119	373
NC_022895.1_orf:0_2	UniRef50_P11640	44.043	470	247	6	40	496	472	938	3.95e-115	370
NC_022895.1_orf:1_3	UniRef50_V5LKQ8	100.000	390	0	0	8	397	1	390	0.0	798
NC_022895.1_orf:1_3	UniRef50_Q70P84	45.628	366	186	7	35	395	7	364	5.24e-94	293
NC_022895.1_orf:1_3	UniRef50_P17456	49.117	283	134	4	8	285	1	278	4.71e-90	283
NC_022895.1_orf:1_3	UniRef50_P15183	43.258	356	191	9	8	361	1	347	5.46e-82	263
NC_022895.1_orf:1_3	UniRef50_P11795	42.899	345	175	11	8	335	1	340	1.46e-71	236
NC_022895.1_orf:1_3	UniRef50_Q64IS0	46.360	261	134	3	21	277	6	264	7.82e-70	231
NC_022895.1_orf:1_3	UniRef50_O12304	42.456	285	151	8	83	364	36	310	4.06e-62	210
NC_022895.1_orf:1_3	UniRef50_Q283N1	41.429	280	157	6	80	355	68	344	6.36e-62	211
NC_022895.1_orf:1_3	UniRef50_D3U5B8	40.149	269	153	6	79	344	28	291	3.72e-53	187
NC_022895.1_orf:1_3	UniRef50_P19899	35.161	310	185	8	76	376	66	368	3.56e-51	183
NC_022895.1_orf:1_4	UniRef50_Q283M9	81.081	148	28	0	14	161	1	148	1.97e-79	239
NC_022895.1_orf:1_4	UniRef50_Q9QBU1	81.538	130	24	0	14	143	1	130	2.67e-77	233
NC_022895.1_orf:1_4	UniRef50_Q2ERI3	48.718	117	60	0	14	130	1	117	8.55e-34	122
NC_022895.1_orf:1_4	UniRef50_Q70P82	39.344	122	74	0	14	135	1	122	4.10e-23	96.3
NC_022895.1_orf:2_2	UniRef50_Q9QBU2	82.500	240	42	0	12	251	1	240	9.30e-133	381
NC_022895.1_orf:2_2	UniRef50_Q2ERI4	75.309	162	40	0	12	173	1	162	6.50e-89	267
NC_022895.1_orf:2_2	UniRef50_Q70P83	53.695	203	88	3	12	209	1	202	2.66e-69	219
NC_018093.1_orf:0_1	UniRef50_P13529	54.358	3155	1366	21	354	3488	41	3141	0.0	3424
NC_018093.1_orf:0_1	UniRef50_M4ZRS9	52.909	3145	1372	22	365	3488	106	3162	0.0	3330
NC_018093.1_orf:0_1	UniRef50_A0A096XIR1	49.633	3137	1440	26	384	3486	52	3082	0.0	3026
NC_018093.1_orf:0_1	UniRef50_A0A173GTP8	49.806	3094	1440	21	432	3485	4	3024	0.0	3024
NC_018093.1_orf:0_1	UniRef50_P89509	52.853	2804	1276	21	365	3145	106	2886	0.0	2967
NC_018093.1_orf:0_1	UniRef50_P89509	70.833	240	70	0	3249	3488	2925	3164	4.02e-101	375
NC_018093.1_orf:0_1	UniRef50_V9HWZ1	52.616	2733	1244	17	413	3116	97	2807	0.0	2939
NC_018093.1_orf:0_1	UniRef50_V9HWZ1	58.394	274	113	1	3212	3485	2821	3093	1.57e-94	354
NC_018093.1_orf:0_1	UniRef50_A0A0U3QM12	52.302	2759	1254	18	428	3159	103	2826	0.0	2907
NC_018093.1_orf:0_1	UniRef50_A0A0U3QM12	64.444	270	93	1	3222	3488	2804	3073	7.94e-102	378
NC_018093.1_orf:0_1	UniRef50_E7CQR7	51.707	2812	1304	20	375	3161	165	2947	0.0	2898
NC_018093.1_orf:0_1	UniRef50_E7CQR7	59.916	237	95	0	3252	3488	2948	3184	2.31e-84	320
NC_018093.1_orf:0_1	UniRef50_A0A0K1LYF0	51.484	2797	1294	23	390	3160	166	2925	0.0	2877
NC_018093.1_orf:0_1	UniRef50_A0A0K1LYF0	62.891	256	95	0	3233	3488	2918	3173	1.52e-93	350
NC_018093.1_orf:0_1	UniRef50_Q9WID3	48.545	3195	1454	50	346	3488	32	3088	0.0	2858
