NC_035759.1_orf:4_1	UniRef50_A0A223FUR7	100.000	2184	0	0	13	2196	1	2184	0.0	4510
NC_035759.1_orf:4_1	UniRef50_A0A286S2U2	57.935	2199	891	10	17	2196	3	2186	0.0	2628
NC_035759.1_orf:4_1	UniRef50_A0A223PR01	32.786	2254	1381	49	19	2171	146	2366	0.0	1088
NC_035759.1_orf:4_1	UniRef50_A0A0B5KXU7	25.364	1786	1120	57	43	1676	35	1759	8.15e-117	422
NC_035759.1_orf:4_1	UniRef50_A0A0B5KRY7	24.153	1888	1239	59	70	1833	69	1887	1.14e-105	387
NC_035759.1_orf:4_1	UniRef50_A0A1L3KPQ3	25.175	1859	1162	63	47	1750	56	1840	6.66e-105	384
NC_035759.1_orf:4_1	UniRef50_A0A0D6A991	25.342	1243	849	27	446	1650	169	1370	2.93e-102	371
NC_035759.1_orf:4_1	UniRef50_I3QI28	25.322	1244	848	28	446	1650	507	1708	6.04e-100	369
NC_035759.1_orf:4_1	UniRef50_P33453	25.517	1403	909	41	339	1664	394	1737	7.12e-100	368
NC_035759.1_orf:4_1	UniRef50_J3TRD1	24.792	1319	888	30	454	1716	506	1776	1.90e-97	360
NC_035675.1_orf:0_1	UniRef50_A0A240F7S2	100.000	2114	0	0	16	2129	1	2114	0.0	4370
NC_035675.1_orf:0_1	UniRef50_A0A023PJE6	30.482	2011	1260	55	158	2090	394	2344	0.0	789
NC_035675.1_orf:0_1	UniRef50_A0A1S5YCL9	24.437	933	581	34	893	1756	833	1710	2.85e-41	177
NC_035675.1_orf:0_1	UniRef50_A0A1S5YCL9	24.242	297	199	10	147	438	97	372	2.67e-08	68.9
NC_035675.1_orf:0_1	UniRef50_C4N5E9	24.318	806	468	30	999	1746	951	1672	2.49e-40	174
NC_035675.1_orf:0_1	UniRef50_C4N5E9	31.633	196	124	6	275	466	370	559	6.70e-15	90.5
NC_035675.1_orf:0_1	UniRef50_Q6YIH4	24.844	801	523	29	999	1747	230	1003	8.70e-39	168
NC_035675.1_orf:0_1	UniRef50_A0A192F0X7	24.594	801	525	28	999	1747	651	1424	5.35e-38	166
NC_035675.1_orf:0_1	UniRef50_P27410	25.553	814	517	27	998	1748	1206	1993	2.75e-37	164
NC_035675.1_orf:0_1	UniRef50_P27410	30.519	154	94	6	289	437	509	654	1.72e-06	62.8
NC_035675.1_orf:0_1	UniRef50_Q9QEJ5	24.224	805	530	28	993	1747	1152	1926	7.15e-36	159
NC_035675.1_orf:0_1	UniRef50_Q9QEJ5	23.041	217	156	5	224	437	385	593	4.65e-06	61.2
NC_035675.1_orf:0_1	UniRef50_A0A0D3MDP2	25.063	790	496	26	999	1746	571	1306	2.33e-35	157
NC_035675.1_orf:0_1	UniRef50_A0A0D3MDP7	23.397	936	608	37	874	1747	514	1402	2.62e-35	157
NC_035675.1_orf:2_4	UniRef50_A0A240F7S1	100.000	117	0	0	17	133	1	117	2.32e-73	221
NC_035454.1_orf:1_1	UniRef50_A0A223FUN9	100.000	407	0	0	18	424	1	407	0.0	845
NC_035454.1_orf:1_1	UniRef50_A0A286S2T9	50.728	412	169	9	18	423	1	384	7.08e-137	404
NC_035454.1_orf:1_1	UniRef50_A0A286S2U0	50.418	359	169	5	19	372	1	355	2.75e-113	345
NC_035454.1_orf:5_1	UniRef50_A0A223FUR0	100.000	350	0	0	20	369	1	350	0.0	723
NC_035454.1_orf:5_1	UniRef50_A0A286S2U3	52.339	342	158	2	29	365	4	345	1.32e-118	354
NC_035454.1_orf:5_1	UniRef50_A0A286S2U8	46.903	339	176	1	26	364	8	342	8.93e-104	316
NC_035454.1_orf:5_1	UniRef50_A0A0D3DW54	47.191	267	141	0	102	368	402	668	1.48e-82	271
NC_035454.1_orf:5_1	UniRef50_A0A223PQZ2	26.923	234	155	6	110	340	7	227	7.43e-14	78.6
NC_035454.1_orf:5_1	UniRef50_A0A0B5KS54	26.754	228	144	7	84	298	31	248	7.35e-11	70.9
NC_035454.1_orf:5_1	UniRef50_P21701	24.800	250	165	8	101	342	5	239	1.38e-08	63.5
NC_035454.1_orf:5_1	UniRef50_A0A286N5U6	27.072	181	121	6	130	305	1	175	1.86e-08	62.0
NC_035454.1_orf:5_1	UniRef50_W8JDM5	34.000	100	53	3	124	222	22	109	8.32e-07	57.8
NC_035454.1_orf:5_1	UniRef50_A0A076JQF4	26.966	178	117	3	125	296	26	196	4.24e-06	56.2
NC_035202.1_orf:0_1	UniRef50_Q67706	51.264	277	129	3	5	281	3	273	1.36e-95	290
NC_035202.1_orf:0_1	UniRef50_J7HCY1	47.388	268	132	2	12	279	6	264	3.08e-81	253
NC_035202.1_orf:0_1	UniRef50_A0A1C9U7L0	33.333	273	164	1	28	282	44	316	3.67e-55	188
NC_035202.1_orf:0_1	UniRef50_Q80836	35.374	294	173	4	5	288	55	341	1.76e-54	187
NC_035202.1_orf:0_1	UniRef50_G8H9D6	36.101	277	170	4	15	289	19	290	8.96e-54	183
NC_035202.1_orf:0_1	UniRef50_Q96808	32.609	276	165	3	28	284	44	317	2.87e-49	173
NC_035202.1_orf:0_1	UniRef50_Q52V13	33.333	285	170	3	21	286	43	326	3.42e-46	165
NC_035202.1_orf:0_1	UniRef50_A0A1V0JB98	33.333	213	134	3	15	220	20	231	1.34e-37	142
NC_035202.1_orf:0_1	UniRef50_A0A1X9ZMU5	33.173	208	135	2	17	220	3	210	1.27e-34	133
NC_035202.1_orf:0_1	UniRef50_I6LBW3	55.652	115	46	2	149	263	2	111	2.35e-34	127
NC_035202.1_orf:1_5	UniRef50_A0A240G1F4	100.000	161	0	0	7	167	1	161	2.62e-113	325
NC_035202.1_orf:1_5	UniRef50_J7H6U0	31.111	135	91	2	23	155	17	151	9.08e-06	51.2
NC_035202.1_orf:1_6	UniRef50_Q67707	69.697	198	59	1	8	204	1	198	9.17e-93	276
NC_035202.1_orf:1_6	UniRef50_A0A0U3L7B8	73.759	141	36	1	65	204	1	141	1.84e-67	210
NC_035202.1_orf:1_6	UniRef50_A0A0C4WAR0	60.284	141	55	1	8	147	1	141	1.19e-51	170
NC_035202.1_orf:1_6	UniRef50_A0A1X9ZMU1	50.617	162	77	3	46	204	38	199	8.55e-49	164
NC_035202.1_orf:1_6	UniRef50_B3Y534	53.704	162	72	3	46	204	38	199	9.15e-47	159
NC_035202.1_orf:1_6	UniRef50_A0A1V0JB99	47.399	173	87	1	32	204	24	192	9.12e-46	157
NC_035202.1_orf:1_6	UniRef50_D7PQS6	48.045	179	88	5	29	204	23	199	6.52e-44	152
NC_035202.1_orf:1_6	UniRef50_A0A140JAV6	50.323	155	74	3	53	204	2	156	8.05e-42	145
NC_035202.1_orf:1_6	UniRef50_A0A0F6QMZ2	70.297	101	29	1	50	149	1	101	3.66e-40	139
NC_035202.1_orf:1_6	UniRef50_G8I0C1	60.674	89	34	1	68	155	2	90	5.88e-28	108
NC_035202.1_orf:1_7	UniRef50_Q67708	71.111	90	25	1	1	89	1	90	1.46e-43	143
NC_035202.1_orf:1_7	UniRef50_F2XXC1	67.416	89	29	0	1	89	1	89	1.52e-42	140
NC_035202.1_orf:1_7	UniRef50_A0A0U3JIX9	76.000	50	12	0	1	50	1	50	6.69e-23	89.7
NC_035202.1_orf:1_7	UniRef50_Q80838	45.556	90	46	3	1	89	1	88	1.25e-15	73.2
NC_035202.1_orf:1_7	UniRef50_J7HDV3	52.000	75	36	0	14	88	2	76	5.31e-15	71.6
NC_035202.1_orf:1_7	UniRef50_G8H9D8	52.326	86	37	3	1	82	1	86	4.21e-13	66.6
NC_035202.1_orf:2_1	UniRef50_K7QW75	51.140	1711	788	18	27	1708	1	1692	0.0	1686
NC_035202.1_orf:2_1	UniRef50_Q67704	51.025	1707	803	19	27	1713	1	1694	0.0	1662
NC_035202.1_orf:2_1	UniRef50_Q96806	47.301	1723	864	23	27	1726	1	1702	0.0	1530
NC_035202.1_orf:2_1	UniRef50_A0A0N6YPF0	47.203	1716	872	20	27	1723	1	1701	0.0	1529
NC_035202.1_orf:2_1	UniRef50_A0A1C9U7J8	47.503	1722	858	23	27	1723	1	1701	0.0	1526
NC_035202.1_orf:2_1	UniRef50_A0A1V0JB95	39.016	1748	956	36	27	1713	1	1699	0.0	1123
NC_035202.1_orf:2_1	UniRef50_A0A1X9ZMU6	43.970	937	488	17	801	1711	611	1536	0.0	712
NC_035202.1_orf:2_1	UniRef50_A0A1X9ZMU6	40.244	492	271	9	27	505	1	482	5.00e-90	333
NC_035202.1_orf:2_1	UniRef50_Q52V15	64.228	492	175	1	1231	1721	1	492	0.0	665
NC_035202.1_orf:2_1	UniRef50_A0A075DMT8	36.847	1091	600	35	675	1699	678	1745	0.0	602
NC_035202.1_orf:2_1	UniRef50_A0A075DMT8	29.063	320	209	9	72	383	43	352	7.29e-25	122
NC_035202.1_orf:2_1	UniRef50_B3Y531	48.154	650	317	9	1078	1711	1052	1697	3.86e-178	590
NC_035202.1_orf:2_1	UniRef50_B3Y531	38.747	431	257	6	27	454	1	427	1.84e-83	313
NC_035202.1_orf:2_1	UniRef50_B3Y531	29.934	304	206	5	780	1077	573	875	2.20e-34	154
NC_035202.1_orf:2_1	UniRef50_B3Y531	42.336	137	76	3	629	764	902	1036	8.23e-21	109
