NC_035463.1_orf:1_1	UniRef50_A0A221C6B1	100.000	760	0	0	34	793	1	760	0.0	1560
NC_035463.1_orf:1_1	UniRef50_UPI0009D73D1A	66.202	287	96	1	292	578	1	286	6.09e-133	404
NC_035463.1_orf:1_1	UniRef50_A0A075VUK6	36.919	409	230	11	359	759	72	460	1.73e-65	235
NC_035463.1_orf:1_1	UniRef50_UPI00073A4890	33.271	532	305	17	77	588	1	502	1.92e-65	237
NC_035463.1_orf:1_1	UniRef50_UPI00073A4890	50.000	50	25	0	359	408	513	562	9.11e-05	55.1
NC_035463.1_orf:1_1	UniRef50_A0A075VX77	33.730	504	266	16	213	688	17	480	3.04e-60	219
NC_035463.1_orf:1_1	UniRef50_Q6YSM8	40.401	349	180	10	359	697	78	408	4.33e-55	204
NC_035463.1_orf:1_1	UniRef50_M1D762	31.498	454	274	12	217	661	2	427	1.98e-52	196
NC_035463.1_orf:1_1	UniRef50_H8XBW0	30.156	577	332	17	57	622	67	583	1.12e-48	194
NC_035463.1_orf:1_1	UniRef50_A0A0M4KU38	29.843	573	325	18	95	637	44	569	2.80e-46	186
NC_035463.1_orf:1_1	UniRef50_A0A0M4LD25	31.579	513	284	18	78	566	49	518	1.61e-45	179
NC_035461.1_orf:1_1	UniRef50_A0A219YMC7	100.000	3014	0	0	26	3039	1	3014	0.0	6324
NC_035461.1_orf:1_1	UniRef50_Q6PY34	35.996	3092	1759	56	71	3036	44	3041	0.0	1815
NC_035461.1_orf:1_1	UniRef50_A0A1W5T6Y6	35.747	3052	1747	61	92	3021	253	3212	0.0	1780
NC_035461.1_orf:1_1	UniRef50_K4P9I9	34.806	3034	1788	54	85	3017	44	2988	0.0	1778
NC_035461.1_orf:1_1	UniRef50_A0A096XIR1	35.463	3037	1705	65	123	3021	141	3060	0.0	1766
NC_035461.1_orf:1_1	UniRef50_P89509	35.050	3030	1721	57	133	3017	209	3136	0.0	1756
NC_035461.1_orf:1_1	UniRef50_A0A0U3QM12	35.655	2886	1657	52	230	3017	262	3045	0.0	1748
NC_035461.1_orf:1_1	UniRef50_M4ZRS9	35.243	3019	1725	62	134	3017	211	3134	0.0	1742
NC_035461.1_orf:1_1	UniRef50_Q3LA48	35.582	2906	1674	44	223	3017	194	3012	0.0	1739
NC_035461.1_orf:1_1	UniRef50_Q25C85	35.253	2987	1745	60	129	3019	169	3062	0.0	1736
NC_035459.1_orf:0_2	UniRef50_A0A172ZPV8	61.017	59	23	0	21	79	1	59	4.19e-19	80.1
NC_035459.1_orf:0_2	UniRef50_A0A173G8Y3	37.500	56	35	0	20	75	1	56	1.88e-05	45.4
NC_035459.1_orf:0_2	UniRef50_P0CJ98	40.678	59	35	0	20	78	1157	1215	8.00e-05	47.0
NC_035459.1_orf:0_2	UniRef50_A0A146BF29	40.678	59	35	0	20	78	1	59	4.61e-04	42.4
NC_035459.1_orf:0_2	UniRef50_P0CJ94	32.258	62	42	0	18	79	925	986	0.001	43.9
NC_035459.1_orf:1_1	UniRef50_B2Y6H0	67.936	3019	944	9	299	3304	167	3174	0.0	4333
NC_035459.1_orf:1_1	UniRef50_Q01901	58.918	3364	1291	18	10	3303	1	3343	0.0	4143
NC_035459.1_orf:1_1	UniRef50_M4ZRS9	51.044	2970	1386	26	385	3303	208	3160	0.0	3047
NC_035459.1_orf:1_1	UniRef50_A0A0U3QM12	51.569	2932	1381	21	399	3303	152	3071	0.0	3037
NC_035459.1_orf:1_1	UniRef50_P89509	50.455	2967	1399	23	392	3303	212	3162	0.0	3006
NC_035459.1_orf:1_1	UniRef50_E7CQR7	49.617	3005	1467	25	328	3303	196	3182	0.0	2994
NC_035459.1_orf:1_1	UniRef50_Q7T7N5	48.980	3087	1488	24	275	3303	210	3267	0.0	2993
NC_035459.1_orf:1_1	UniRef50_A0A0K1LYF0	49.831	2952	1432	24	383	3303	238	3171	0.0	2938
NC_035459.1_orf:1_1	UniRef50_V9HWZ1	47.779	3062	1519	31	297	3302	56	3093	0.0	2897
NC_035459.1_orf:1_1	UniRef50_K4P9I9	49.712	2949	1419	31	379	3302	104	3013	0.0	2897
