NC_035071.1_orf:1_1	UniRef50_A0A1W6R6J9	100.000	6614	0	0	9	6622	1	6614	0.0	13825
NC_035071.1_orf:1_1	UniRef50_L8B807	40.064	936	436	19	5620	6472	6269	7162	0.0	646
NC_035071.1_orf:1_1	UniRef50_L8B807	30.312	353	205	8	4957	5278	5764	6106	2.92e-35	160
NC_035071.1_orf:1_1	UniRef50_L8B807	23.783	719	459	28	2515	3168	3371	4065	1.95e-31	147
NC_035071.1_orf:1_1	UniRef50_L8B807	21.645	231	154	7	3628	3844	4548	4765	5.02e-06	63.2
NC_035071.1_orf:1_1	UniRef50_L8B807	34.375	96	51	3	420	510	526	614	1.46e-04	58.2
NC_035071.1_orf:1_1	UniRef50_A0A140HEP1	39.307	837	452	11	5641	6438	328	1147	3.32e-163	548
NC_035071.1_orf:1_1	UniRef50_A0A140HEP1	34.906	212	126	6	5083	5294	2	201	3.03e-25	125
NC_035071.1_orf:1_1	UniRef50_A0A140HEP2	47.890	616	275	10	5802	6392	713	1307	2.32e-161	548
NC_035071.1_orf:1_1	UniRef50_A0A140HEP2	31.232	349	221	7	4929	5275	72	403	2.90e-43	185
NC_035071.1_orf:1_1	UniRef50_M4ZUK4	46.078	408	186	8	6007	6411	202	578	3.55e-107	365
NC_035071.1_orf:1_1	UniRef50_M4ZUK4	57.600	125	49	2	5879	6000	3	126	1.86e-31	142
NC_035071.1_orf:1_1	UniRef50_A0A0P0QL18	31.522	736	370	19	5731	6375	6953	7645	1.69e-79	306
NC_035071.1_orf:1_1	UniRef50_A0A0P0QL18	24.775	444	288	16	1292	1709	1975	2398	1.33e-16	98.2
NC_035071.1_orf:1_1	UniRef50_A0A0P0QL18	24.249	433	287	18	2672	3081	3567	3981	4.38e-10	76.6
NC_035071.1_orf:1_1	UniRef50_A0A0P0QL18	27.559	254	156	9	5040	5277	6296	6537	1.30e-06	65.1
NC_035071.1_orf:1_1	UniRef50_A0A0P0QKL0	25.329	987	536	25	5593	6456	7109	8017	3.97e-76	295
NC_035071.1_orf:1_1	UniRef50_A0A0P0QKL0	26.838	272	181	5	5003	5271	6859	7115	3.04e-18	103
NC_035071.1_orf:1_1	UniRef50_A0A0P0QKL0	20.600	1267	817	51	2535	3700	4021	5199	7.62e-15	92.4
NC_035071.1_orf:1_1	UniRef50_A0A0P0QKL0	20.182	550	365	19	1282	1783	2290	2813	1.64e-10	78.2
NC_035071.1_orf:1_1	UniRef50_A0A023ZNY1	29.209	784	452	21	5687	6453	4816	5513	8.99e-70	274
NC_035071.1_orf:1_1	UniRef50_A0A1B0YTK1	33.415	407	205	6	6147	6487	8329	8735	8.55e-56	228
NC_035071.1_orf:1_1	UniRef50_A0A1B0YTK1	50.000	230	109	3	5920	6145	8029	8256	2.05e-51	213
NC_035071.1_orf:1_1	UniRef50_A0A1B0YTK1	35.688	269	166	2	5669	5934	7627	7891	3.75e-39	172
NC_035071.1_orf:1_1	UniRef50_A0A1B0YTK1	31.792	346	212	7	4957	5279	6694	7038	4.89e-33	152
NC_035071.1_orf:1_1	UniRef50_A0A1B0YTK1	21.971	1238	759	54	2515	3653	2445	3574	1.32e-16	98.2
NC_035071.1_orf:1_1	UniRef50_A0A0K0NP85	28.822	569	295	10	5878	6435	1	470	3.69e-55	215
