NC_003443.1_orf:1_2	UniRef50_P23056	100.000	234	0	0	27	260	162	395	4.31e-162	461
NC_003443.1_orf:1_2	UniRef50_P11208	47.418	213	112	0	48	260	180	392	1.54e-54	187
NC_003443.1_orf:1_2	UniRef50_P60166	40.551	254	147	1	11	260	138	391	3.68e-53	184
NC_003443.1_orf:1_2	UniRef50_A3R040	39.189	222	133	2	40	259	169	390	9.79e-40	149
NC_003443.1_orf:1_2	UniRef50_K7XBD8	36.652	221	140	0	40	260	177	397	1.74e-36	140
NC_003443.1_orf:1_2	UniRef50_P21738	36.073	219	140	0	40	258	179	397	8.34e-34	133
NC_003443.1_orf:1_2	UniRef50_K7Y0L1	33.597	253	155	3	20	260	150	401	3.10e-33	132
NC_003443.1_orf:1_2	UniRef50_A7E3E6	36.683	199	124	2	63	259	205	403	4.73e-33	131
NC_003443.1_orf:1_2	UniRef50_I6TF61	35.644	202	130	0	57	258	8	209	1.86e-32	125
NC_003443.1_orf:1_2	UniRef50_A0A0C5I317	35.849	212	136	0	48	259	173	384	2.10e-32	129
NC_003443.1_orf:1_3	UniRef50_P24266	100.000	377	0	0	23	399	1	377	0.0	781
NC_003443.1_orf:1_3	UniRef50_P16629	49.337	377	191	0	23	399	1	377	1.67e-134	397
NC_003443.1_orf:1_3	UniRef50_P19718	42.162	370	212	2	26	395	8	375	4.80e-105	322
NC_003443.1_orf:1_3	UniRef50_K7XAR3	39.566	369	221	1	26	392	8	376	2.32e-98	305
NC_003443.1_orf:1_3	UniRef50_P27019	39.276	359	218	0	37	395	19	377	1.92e-89	282
NC_003443.1_orf:1_3	UniRef50_P27287	36.544	353	224	0	36	388	17	369	2.20e-81	261
NC_003443.1_orf:1_3	UniRef50_D3X606	32.749	342	222	6	26	364	6	342	2.20e-49	178
NC_003443.1_orf:1_3	UniRef50_C6FGY8	33.607	366	232	6	26	388	6	363	1.46e-47	173
NC_003443.1_orf:1_3	UniRef50_A0A1Y0KBX0	30.769	364	245	4	26	388	26	383	3.29e-44	165
NC_003443.1_orf:1_3	UniRef50_I6UTP1	31.680	363	232	8	26	378	10	366	2.63e-42	159
NC_003443.1_orf:2_4	UniRef50_P30929	59.027	2260	911	9	3	2254	1	2253	0.0	2713
NC_003443.1_orf:2_4	UniRef50_A7E3F3	53.485	2281	1012	14	3	2264	1	2251	0.0	2403
NC_003443.1_orf:2_4	UniRef50_C6FGZ1	37.697	2284	1294	34	6	2228	6	2221	0.0	1422
NC_003443.1_orf:2_4	UniRef50_C5I0V8	38.102	2265	1321	29	9	2230	9	2235	0.0	1417
NC_003443.1_orf:2_4	UniRef50_I6U0Z3	37.549	2277	1347	30	6	2239	6	2250	0.0	1401
NC_003443.1_orf:2_4	UniRef50_A0A1Y0KCC6	36.750	2283	1301	35	3	2230	18	2212	0.0	1384
NC_003443.1_orf:2_4	UniRef50_P11205	36.606	2251	1338	32	5	2230	9	2195	0.0	1338
NC_003443.1_orf:2_4	UniRef50_Q91HJ2	36.411	2285	1330	29	9	2229	10	2235	0.0	1333
NC_003443.1_orf:2_4	UniRef50_A0A1L5YIM9	35.387	2272	1379	25	7	2230	9	2239	0.0	1331
NC_003443.1_orf:2_4	UniRef50_D3X609	34.898	2301	1371	36	7	2230	8	2258	0.0	1268
NC_034567.1_orf:0_1	UniRef50_A0A1W6JGS0	100.000	514	0	0	4	517	1	514	0.0	1059
NC_034567.1_orf:0_1	UniRef50_Q9ILI5	64.147	516	182	3	4	517	1124	1638	0.0	705
NC_034567.1_orf:0_1	UniRef50_D8L631	63.443	517	185	3	4	517	1	516	0.0	685
NC_034567.1_orf:0_1	UniRef50_Q9JH69	56.647	519	215	7	3	517	1097	1609	0.0	602
NC_034567.1_orf:0_1	UniRef50_Q9JGF2	53.398	515	235	4	3	517	1003	1512	0.0	574
NC_034567.1_orf:0_1	UniRef50_A0A0C5B9L3	53.398	515	235	4	3	517	454	963	0.0	570
NC_034567.1_orf:0_1	UniRef50_A0A0U3JA44	62.136	309	112	4	192	498	1	306	1.32e-131	391
NC_034567.1_orf:0_1	UniRef50_A0A0A7R641	49.451	364	177	2	4	367	10	366	1.60e-121	368
NC_034567.1_orf:0_1	UniRef50_R4N1J0	42.702	459	245	8	34	488	4	448	8.69e-119	365
NC_034567.1_orf:0_1	UniRef50_B5AFN8	43.875	449	238	10	37	478	258	699	4.13e-111	353
NC_034567.1_orf:1_1	UniRef50_A0A1W6JGR7	100.000	1093	0	0	3	1095	1	1093	0.0	2272
NC_034567.1_orf:1_1	UniRef50_A0A1L6KTJ2	48.384	1145	528	13	3	1093	1	1136	0.0	1105
NC_034567.1_orf:1_1	UniRef50_B2XS86	46.823	1149	532	18	2	1095	2	1126	0.0	1002
NC_034567.1_orf:1_1	UniRef50_Q9ILI5	46.591	1144	532	17	2	1091	2	1120	0.0	993
NC_034567.1_orf:1_1	UniRef50_A0A0A7DME8	44.094	1109	586	15	11	1095	22	1120	0.0	925
NC_034567.1_orf:1_1	UniRef50_D8L636	49.694	817	363	8	3	773	1	815	0.0	823
NC_034567.1_orf:1_1	UniRef50_D8L636	60.360	333	115	3	780	1095	908	1240	2.00e-119	405
NC_034567.1_orf:1_1	UniRef50_Q9JH70	39.349	1136	562	18	25	1095	26	1099	0.0	791
NC_034567.1_orf:1_1	UniRef50_Q9JH69	39.295	1135	562	18	25	1094	26	1098	0.0	782
NC_034567.1_orf:1_1	UniRef50_Q9JGF2	29.633	1036	619	29	3	1023	1	941	5.55e-107	374
NC_034567.1_orf:1_1	UniRef50_A0A0K0LAN5	36.007	536	327	11	451	979	3	529	6.94e-81	288
NC_034567.1_orf:2_4	UniRef50_A0A1W6JGR5	100.000	707	0	0	15	721	1	707	0.0	1456
NC_034567.1_orf:2_4	UniRef50_I3W8R3	47.251	673	324	20	62	718	48	705	0.0	560
NC_034567.1_orf:2_4	UniRef50_Q9JH68	49.438	534	246	9	25	549	4	522	4.78e-168	505
NC_034567.1_orf:2_4	UniRef50_Q9Q3G5	37.718	745	400	18	12	721	1	716	1.76e-140	436
NC_034567.1_orf:2_4	UniRef50_A0A1C9ULA6	37.587	721	375	21	48	719	35	729	3.60e-140	436
NC_034567.1_orf:2_4	UniRef50_A0A0A7DMJ4	38.857	700	377	17	53	718	30	712	1.50e-139	434
NC_034567.1_orf:2_4	UniRef50_A0A0U3ATM8	65.543	267	91	1	95	361	1	266	7.19e-125	379
NC_034567.1_orf:2_4	UniRef50_A0A0U3JQL6	67.978	178	57	0	97	274	2	179	3.78e-85	273
NC_034567.1_orf:2_4	UniRef50_A0A0K0LBJ6	38.440	359	211	5	70	426	40	390	2.07e-80	270
NC_034567.1_orf:2_4	UniRef50_Q9JGF1	35.248	505	297	14	57	540	29	524	8.81e-75	262
NC_035432.1_orf:0_1	UniRef50_A0A1Z3MI02	100.000	3923	0	0	3	3925	1	3923	0.0	8155
NC_035432.1_orf:0_1	UniRef50_D2CGF5	68.954	3920	1209	7	10	3924	2	3918	0.0	5781
NC_035432.1_orf:0_1	UniRef50_P19712	52.237	3934	1790	47	25	3919	8	3891	0.0	4040
NC_035432.1_orf:0_1	UniRef50_Q5TJ66	58.856	2360	940	20	1559	3906	543	2883	0.0	2836
NC_035432.1_orf:0_1	UniRef50_Q5TJ66	33.260	454	297	3	1101	1554	1	448	3.28e-73	284
NC_035432.1_orf:0_1	UniRef50_P19711	58.729	2360	943	20	1559	3906	1628	3968	0.0	2825
NC_035432.1_orf:0_1	UniRef50_P19711	42.636	1548	848	22	25	1554	8	1533	0.0	1260
NC_035432.1_orf:0_1	UniRef50_A0A097NZ77	40.975	3978	2147	87	36	3920	124	3993	0.0	2778
NC_035432.1_orf:0_1	UniRef50_F2XFS5	51.875	2267	1047	25	25	2272	8	2249	0.0	2340
NC_035432.1_orf:0_1	UniRef50_Q65812	56.200	1363	581	8	991	2347	7	1359	0.0	1582
NC_035432.1_orf:0_1	UniRef50_Q9WR76	44.585	1662	877	25	25	1667	8	1644	0.0	1418
NC_035432.1_orf:0_1	UniRef50_Q04232	64.731	947	329	3	1461	2405	1	944	0.0	1331
NC_035432.1_orf:0_1	UniRef50_Q04232	68.029	832	263	2	1611	2440	1066	1896	0.0	1220
