NC_036602.1_orf:2_1	UniRef50_Q67897	99.507	203	1	0	3	205	1	203	6.47e-147	413
NC_036602.1_orf:2_1	UniRef50_P26658	46.907	194	103	0	3	196	1	194	9.59e-59	190
NC_036602.1_orf:2_1	UniRef50_Q9IMJ9	53.488	86	40	0	41	126	38	123	1.73e-27	108
NC_036602.1_orf:2_1	UniRef50_Q9IMJ8	34.667	75	49	0	52	126	22	96	9.54e-08	55.8
NC_036602.1_orf:4_1	UniRef50_P84254	71.383	311	85	1	26	336	4	310	9.44e-166	471
NC_036602.1_orf:4_1	UniRef50_P68559	48.718	312	152	4	26	336	9	313	3.85e-94	290
NC_036602.1_orf:4_1	UniRef50_A7UKU8	24.675	231	161	6	58	279	46	272	1.21e-09	67.0
NC_036599.1_orf:0_1	UniRef50_Q00844	62.130	169	63	1	9	176	9	177	5.84e-70	216
NC_036599.1_orf:0_1	UniRef50_O36171	32.121	165	108	4	12	173	9	172	1.67e-18	85.5
NC_036599.1_orf:0_1	UniRef50_A0A0A9YU63	32.051	156	100	4	23	174	6	159	2.22e-11	66.6
NC_036599.1_orf:3_1	UniRef50_Q00847	57.706	279	117	1	15	292	1	279	1.41e-113	336
NC_036599.1_orf:3_1	UniRef50_A0A172S182	61.376	189	73	0	42	230	2	190	2.20e-81	251
NC_036599.1_orf:3_1	UniRef50_E5AXV9	29.339	242	161	4	46	285	61	294	1.40e-25	111
NC_036598.1_orf:0_1	UniRef50_Q7TBM0	69.500	200	61	0	7	206	1	200	7.00e-107	312
NC_036598.1_orf:0_1	UniRef50_Q89717	40.201	199	117	1	7	205	1	197	5.08e-50	168
NC_036598.1_orf:0_1	UniRef50_E5AXV0	24.699	166	121	3	18	182	37	199	5.53e-08	58.9
NC_036598.1_orf:4_1	UniRef50_Q86126	99.400	834	5	0	16	849	1	834	0.0	1702
NC_036598.1_orf:4_1	UniRef50_Q85429	45.387	802	429	5	42	840	29	824	0.0	795
NC_036598.1_orf:4_1	UniRef50_O89171	23.810	672	459	20	196	839	169	815	4.95e-41	170
NC_036597.1_orf:1_1	UniRef50_Q85431	58.203	2938	1185	16	22	2937	1	2917	0.0	3467
NC_036597.1_orf:1_1	UniRef50_Q9JGN8	36.823	2493	1351	54	539	2927	531	2903	0.0	1490
NC_036597.1_orf:1_1	UniRef50_A0A0P0I843	32.553	2307	1423	47	451	2711	497	2716	0.0	1122
NC_036597.1_orf:1_1	UniRef50_O36578	98.687	533	7	0	2407	2939	1	533	0.0	1089
NC_036597.1_orf:1_1	UniRef50_A0A0B5KKI2	36.210	1483	830	37	556	1964	740	2180	0.0	798
NC_036597.1_orf:1_1	UniRef50_A0A0B5KKI2	27.027	222	157	4	2140	2360	2374	2591	1.10e-19	107
NC_036597.1_orf:1_1	UniRef50_A0A0B5KXU7	32.372	1560	927	37	531	2054	55	1522	0.0	719
NC_036597.1_orf:1_1	UniRef50_A0A0B5KXU7	22.624	221	170	1	2142	2362	1483	1702	3.99e-13	85.1
NC_036597.1_orf:1_1	UniRef50_A0A0B5KXU7	26.829	164	106	4	2515	2676	1709	1860	3.44e-04	55.8
NC_036597.1_orf:1_1	UniRef50_P33453	31.943	1534	924	36	499	1992	14	1467	0.0	695
NC_036597.1_orf:1_1	UniRef50_P33453	22.944	231	172	4	2140	2367	1471	1698	2.68e-05	59.3
NC_036597.1_orf:1_1	UniRef50_P33453	26.667	90	66	0	2515	2604	1699	1788	1.83e-04	56.6
NC_036597.1_orf:1_1	UniRef50_A0A1L3KPK1	32.386	1513	901	38	554	1985	75	1546	0.0	691
NC_036597.1_orf:1_1	UniRef50_A0A0B5KTU2	32.678	1475	857	35	557	1982	83	1470	0.0	655
NC_036597.1_orf:1_1	UniRef50_A0A0B5KTU2	23.636	220	166	2	2140	2359	1490	1707	1.06e-08	70.5
NC_036597.1_orf:1_1	UniRef50_A0A076EEA1	31.754	1562	927	34	514	2004	36	1529	0.0	655
NC_036597.1_orf:1_1	UniRef50_A0A076EEA1	23.028	317	217	7	2140	2453	1520	1812	1.65e-14	89.7
NC_036597.1_orf:1_1	UniRef50_A0A076EEA1	30.097	103	65	2	2512	2607	1745	1847	1.72e-04	56.6
NC_036588.1_orf:0_1	UniRef50_D9YV24	55.974	2469	1003	31	262	2687	1	2428	0.0	2675
NC_036588.1_orf:0_1	UniRef50_A0A076VAH7	37.676	2410	1264	55	432	2686	164	2490	0.0	1365
NC_036588.1_orf:0_1	UniRef50_O91464	36.410	2373	1289	47	429	2687	167	2433	0.0	1326
NC_036588.1_orf:0_1	UniRef50_W5S7X3	36.548	2416	1267	61	415	2687	187	2479	0.0	1313
NC_036588.1_orf:0_1	UniRef50_Q8BES6	35.741	2381	1307	55	429	2687	184	2463	0.0	1286
NC_036588.1_orf:0_1	UniRef50_A0A0D3MCR0	37.090	2254	1236	53	493	2686	296	2427	0.0	1278
NC_036588.1_orf:0_1	UniRef50_U5XL86	36.842	2318	1174	57	457	2687	238	2352	0.0	1268
NC_036588.1_orf:0_1	UniRef50_A0A0M4V8J2	35.407	2443	1291	56	429	2687	145	2484	0.0	1263
NC_036588.1_orf:0_1	UniRef50_A0A0S2LUK8	36.706	2283	1213	59	524	2687	317	2486	0.0	1209
NC_036588.1_orf:0_1	UniRef50_U6C0Q0	38.926	1806	957	40	936	2687	16	1729	0.0	1153
