NC_034451.1_orf:0_1	UniRef50_A0A0D3R131	100.000	563	0	0	3	565	1	563	0.0	1172
NC_034451.1_orf:0_1	UniRef50_A0A0D3R1C5	50.851	529	239	4	34	541	24	552	0.0	592
NC_034451.1_orf:0_1	UniRef50_A0A0B5KRV5	38.911	496	298	4	44	538	17	508	1.21e-131	401
NC_034451.1_orf:0_1	UniRef50_A0A0D3R0Y9	36.523	512	313	7	53	557	32	538	1.45e-120	373
NC_034451.1_orf:0_1	UniRef50_A0A0D3R1P3	34.836	488	310	5	54	538	32	514	4.10e-107	338
NC_034451.1_orf:0_1	UniRef50_A0A0D3R1Y2	33.538	489	310	5	52	538	24	499	2.78e-92	300
NC_034451.1_orf:0_1	UniRef50_A0A0B5KKB0	32.669	502	315	7	52	542	38	527	3.61e-86	284
NC_034451.1_orf:0_1	UniRef50_A0A220F6X1	33.548	465	297	6	52	514	39	493	1.92e-83	277
NC_034451.1_orf:0_1	UniRef50_A0A0C4MKA3	29.468	526	340	10	7	525	6	507	1.61e-71	246
NC_034451.1_orf:0_1	UniRef50_U5NI88	27.407	540	367	9	8	541	3	523	1.63e-71	246
NC_034451.1_orf:0_2	UniRef50_A0A0D3R1H4	100.000	77	0	0	8	84	1	77	1.84e-50	159
NC_034451.1_orf:2_1	UniRef50_Q0QBR9	99.725	363	1	0	79	441	1	363	0.0	758
NC_034451.1_orf:2_1	UniRef50_A0A0D3R162	47.991	423	218	1	16	438	1	421	1.19e-143	423
NC_034451.1_orf:2_1	UniRef50_A0A0B5KXT6	40.431	418	245	4	16	432	1	415	8.65e-111	340
NC_034451.1_orf:2_1	UniRef50_U5NEN0	36.817	421	264	2	19	438	7	426	2.70e-100	313
NC_034451.1_orf:2_1	UniRef50_A0A097A599	32.731	443	256	7	27	438	7	438	8.04e-76	250
NC_034451.1_orf:2_1	UniRef50_A0A0D3R1K1	30.303	429	283	4	21	437	1	425	2.26e-70	236
NC_034451.1_orf:2_1	UniRef50_Q4VKV8	32.028	434	277	7	16	438	1	427	4.32e-70	235
NC_034451.1_orf:2_1	UniRef50_A0A096ZGU0	32.143	420	267	7	28	435	8	421	2.07e-69	233
NC_034451.1_orf:2_1	UniRef50_A0A068J4Q8	30.825	412	276	5	30	435	10	418	1.66e-67	228
NC_034451.1_orf:2_1	UniRef50_A0A068EWX6	33.176	425	269	6	21	437	4	421	5.96e-67	227
NC_034451.1_orf:2_2	UniRef50_A0A0D3R1K7	100.000	300	0	0	7	306	1	300	0.0	612
NC_034451.1_orf:2_2	UniRef50_A0A0D3R1H5	30.530	321	189	8	11	306	5	316	1.65e-31	127
NC_034451.1_orf:2_2	UniRef50_A0A0B5KF64	30.457	197	128	5	114	306	73	264	7.49e-13	75.1
NC_034451.1_orf:2_2	UniRef50_A0A0D3R1V3	27.044	159	103	5	147	305	136	281	1.40e-05	54.3
NC_034451.1_orf:2_3	UniRef50_A0A0D3R172	100.000	211	0	0	8	218	1	211	2.79e-156	438
NC_034451.1_orf:2_3	UniRef50_A0A0D3R1G3	44.811	212	114	2	8	216	1	212	1.48e-56	186
NC_034451.1_orf:2_3	UniRef50_A0A0D3R1E8	33.803	213	132	4	8	217	1	207	1.23e-38	139
NC_034451.1_orf:2_3	UniRef50_A0A0B5KKD9	35.681	213	127	5	8	217	1	206	3.03e-38	138
NC_034451.1_orf:2_3	UniRef50_A0A0B5KF43	39.205	176	102	2	19	193	17	188	3.84e-32	123
NC_034451.1_orf:2_3	UniRef50_A0A0D3R1N9	34.419	215	130	5	8	215	1	211	6.64e-30	117
NC_034451.1_orf:2_3	UniRef50_U5NF19	34.574	188	117	4	8	195	1	182	7.50e-30	117
NC_034451.1_orf:2_3	UniRef50_A0A220FFJ0	31.788	151	99	1	55	205	48	194	7.58e-27	109
NC_034451.1_orf:2_3	UniRef50_A0A0C4MIT7	31.220	205	138	3	14	216	3	206	2.75e-26	107
NC_034451.1_orf:2_3	UniRef50_A0A0C5BZP1	25.157	159	112	3	53	206	63	219	1.79e-09	63.5
NC_034451.1_orf:2_5	UniRef50_A0A0B5KTT2	50.611	2128	1018	18	23	2139	7	2112	0.0	2103
NC_034451.1_orf:2_5	UniRef50_V5PZP2	49.787	2115	1009	19	26	2113	4	2092	0.0	2067
NC_034451.1_orf:2_5	UniRef50_E7D0U6	44.476	2127	1112	29	37	2138	18	2100	0.0	1761
NC_034451.1_orf:2_5	UniRef50_P03523	44.497	2117	1119	24	24	2117	3	2086	0.0	1743
NC_034451.1_orf:2_5	UniRef50_A0A249Y6Z0	44.487	2086	1113	20	48	2114	15	2074	0.0	1736
NC_034451.1_orf:2_5	UniRef50_Q91DR9	42.455	2094	1145	24	42	2114	15	2069	0.0	1670
NC_034451.1_orf:2_5	UniRef50_Q06Z35	42.878	2071	1106	21	27	2076	2	2016	0.0	1647
NC_034451.1_orf:2_5	UniRef50_E3P8Z1	42.864	2116	1129	25	45	2140	20	2075	0.0	1640
NC_034451.1_orf:2_5	UniRef50_A0A0B5KXL1	41.777	2116	1186	20	24	2114	3	2097	0.0	1640
NC_034451.1_orf:2_5	UniRef50_B2X7E0	42.148	2076	1150	23	37	2076	20	2080	0.0	1628
NC_034450.1_orf:0_2	UniRef50_T2FG93	58.929	224	88	3	7	226	1	224	8.96e-86	260
NC_034450.1_orf:0_2	UniRef50_A0A0D3R1S8	42.180	211	108	5	7	209	1	205	7.40e-45	156
NC_034450.1_orf:0_2	UniRef50_A0A0D3R1S6	35.652	230	132	5	7	226	1	224	4.97e-40	144
NC_034450.1_orf:0_2	UniRef50_A0A0D3R257	24.775	222	146	6	7	222	1	207	3.29e-13	73.9
NC_034450.1_orf:0_2	UniRef50_D3GGL5	24.766	214	148	4	6	216	1	204	6.23e-12	70.1
NC_034450.1_orf:0_2	UniRef50_A0A0D3R137	27.700	213	126	7	7	211	1	193	1.25e-11	69.3
NC_034450.1_orf:0_2	UniRef50_A0A1J0F5G7	24.500	200	132	6	19	209	26	215	1.97e-11	69.7
NC_034450.1_orf:0_2	UniRef50_A0A097A5A9	23.684	190	134	4	23	209	34	215	3.29e-11	68.6
NC_034450.1_orf:0_2	UniRef50_D8V072	24.747	198	127	7	24	209	28	215	5.90e-11	68.2
NC_034450.1_orf:0_2	UniRef50_UPI0008DB84F1	31.214	173	108	5	44	211	24	190	2.55e-10	65.9
NC_034450.1_orf:0_3	UniRef50_A0A0D3R1E7	100.000	611	0	0	9	619	1	611	0.0	1283
NC_034450.1_orf:0_3	UniRef50_T2FH62	52.532	632	265	5	9	619	1	618	0.0	704
NC_034450.1_orf:0_3	UniRef50_A0A0D3R1L8	49.396	579	285	3	14	585	7	584	0.0	608
NC_034450.1_orf:0_3	UniRef50_A0A0D3R170	39.965	573	335	5	10	574	15	586	7.39e-154	464
NC_034450.1_orf:0_3	UniRef50_A0A0D3R1P1	36.047	602	351	13	28	616	21	601	9.63e-131	403
NC_034450.1_orf:0_3	UniRef50_B2X7D8	31.095	566	362	10	50	608	68	612	7.77e-84	282
NC_034450.1_orf:0_3	UniRef50_A0A0D3R1B8	29.217	575	356	15	39	582	43	597	1.85e-78	268
NC_034450.1_orf:0_3	UniRef50_D3GGL7	27.852	596	378	12	46	591	116	709	2.02e-77	267
NC_034450.1_orf:0_3	UniRef50_A0A0D3R1Z2	27.936	562	385	7	44	598	105	653	1.73e-75	261
NC_034450.1_orf:0_3	UniRef50_A0A0D3R1F2	27.305	564	329	19	3	551	39	536	3.58e-43	171
NC_034450.1_orf:1_1	UniRef50_A0A0D3R117	100.000	436	0	0	3	438	1	436	0.0	917
NC_034450.1_orf:1_1	UniRef50_Q8B6S2	71.754	439	121	1	3	438	1	439	0.0	679
NC_034450.1_orf:1_1	UniRef50_B2X7D1	44.191	439	235	2	3	437	8	440	2.18e-143	423
NC_034450.1_orf:1_1	UniRef50_A0A0D3R1K1	43.448	435	238	1	3	437	1	427	2.46e-137	407
NC_034450.1_orf:1_1	UniRef50_D3GGK8	41.218	427	244	1	12	438	10	429	2.76e-119	361
NC_034450.1_orf:1_1	UniRef50_A0A096ZGU0	38.106	433	254	5	3	433	1	421	1.18e-100	313
NC_034450.1_orf:1_1	UniRef50_A0A097A599	34.813	428	271	3	17	438	15	440	1.33e-93	296
NC_034450.1_orf:1_1	UniRef50_Q65474	35.308	422	269	1	12	433	10	427	2.14e-93	295
NC_034450.1_orf:1_1	UniRef50_A0A0D3R1B9	34.537	443	274	6	1	438	3	434	3.14e-91	290
NC_034450.1_orf:1_1	UniRef50_A0A0D3R128	32.311	424	280	3	15	436	13	431	3.55e-88	282
NC_034450.1_orf:1_2	UniRef50_A0A0D3R0Y7	100.000	257	0	0	11	267	1	257	0.0	517
NC_034450.1_orf:1_2	UniRef50_A0A077CZ48	43.023	258	119	5	11	267	1	231	9.87e-43	152
NC_034450.1_orf:1_2	UniRef50_A0A0D3R1I8	40.078	257	126	5	11	267	1	229	8.88e-40	145
NC_034450.1_orf:1_2	UniRef50_A0A0D3R1U1	26.515	264	148	7	14	267	1	228	2.70e-13	75.1
NC_034450.1_orf:1_2	UniRef50_A0A0D3R1H2	26.800	250	137	9	25	259	12	230	3.90e-09	63.5
NC_034450.1_orf:1_2	UniRef50_A0A0D3R299	23.265	245	175	7	20	261	1	235	2.93e-05	52.4
NC_034450.1_orf:1_3	UniRef50_A0A0D3R1F5	100.000	161	0	0	8	168	1	161	7.40e-119	339
NC_034450.1_orf:1_3	UniRef50_T2FGV0	38.750	160	98	0	8	167	1	160	1.40e-33	123
NC_034450.1_orf:1_3	UniRef50_A0A0D3R1M3	25.309	162	114	3	8	166	1	158	8.85e-07	53.9
NC_034450.1_orf:1_4	UniRef50_A0A0D3R156	100.000	166	0	0	8	173	1	166	6.34e-123	350
NC_034450.1_orf:1_4	UniRef50_T2FGJ3	50.000	162	80	1	8	169	1	161	3.25e-51	168
NC_034450.1_orf:1_4	UniRef50_A0A0D3R240	43.976	166	93	0	8	173	2	167	7.27e-36	129
NC_034450.1_orf:1_4	UniRef50_A0A0D3R185	21.429	168	130	1	8	173	1	168	3.09e-07	55.5
NC_034450.1_orf:1_5	UniRef50_T2FGM6	60.000	160	64	0	7	166	1	160	2.36e-69	214
NC_034450.1_orf:1_5	UniRef50_A0A0D3R1Z9	39.130	161	97	1	7	166	1	161	5.99e-36	129
NC_034450.1_orf:1_5	UniRef50_A0A0D3R1Y1	31.677	161	106	3	7	165	1	159	4.05e-18	83.6
NC_034450.1_orf:1_8	UniRef50_B2X7E0	53.040	2089	956	14	104	2174	36	2117	0.0	2191
NC_034450.1_orf:1_8	UniRef50_D3GGM2	50.403	2107	1015	18	87	2180	16	2105	0.0	2130
NC_034450.1_orf:1_8	UniRef50_A0A0D3R1N4	49.346	2140	1045	20	65	2178	4	2130	0.0	2013
NC_034450.1_orf:1_8	UniRef50_Q91DR9	43.105	2074	1141	19	110	2177	29	2069	0.0	1654
NC_034450.1_orf:1_8	UniRef50_P03523	42.504	2101	1141	24	104	2177	23	2083	0.0	1651
NC_034450.1_orf:1_8	UniRef50_Q9E784	43.585	2120	1100	27	110	2162	37	2127	0.0	1639
NC_034450.1_orf:1_8	UniRef50_E7D0U6	41.808	2124	1146	22	94	2177	17	2090	0.0	1635
NC_034450.1_orf:1_8	UniRef50_A0A0D3R164	41.806	2093	1157	25	77	2139	1	2062	0.0	1604
NC_034450.1_orf:1_8	UniRef50_A0A0B5KXL1	41.250	2080	1188	16	111	2175	35	2095	0.0	1601
NC_034450.1_orf:1_8	UniRef50_A0A249Y6Z0	42.276	2091	1148	24	106	2177	24	2074	0.0	1598
NC_034450.1_orf:2_3	UniRef50_A0A0D3R1J6	100.000	100	0	0	18	117	1	100	2.85e-68	207
NC_034450.1_orf:2_5	UniRef50_A0A0D3R0Z0	100.000	103	0	0	6	108	1	103	6.84e-65	198
NC_034450.1_orf:2_5	UniRef50_T2FG37	34.409	93	61	0	6	98	1	93	1.41e-04	45.4
