NC_035465.1_orf:2_26	UniRef50_A0A076Q0Z9	84.058	207	32	1	7	212	7	213	2.22e-119	345
NC_035465.1_orf:2_26	UniRef50_A0A1I9RYW0	40.976	205	119	2	12	215	28	231	3.80e-50	169
NC_035465.1_orf:2_26	UniRef50_A0A1L3KJ43	35.233	193	123	1	23	213	23	215	4.14e-24	102
NC_035465.1_orf:2_26	UniRef50_A0A1L3KJ51	28.718	195	132	5	23	215	22	211	5.57e-09	62.0
NC_035465.1_orf:2_27	UniRef50_A0A222AIF8	100.000	152	0	0	5	156	1	152	9.19e-109	313
NC_035465.1_orf:2_27	UniRef50_A0A076E583	75.641	156	36	2	2	156	59	213	3.73e-70	217
NC_035465.1_orf:2_27	UniRef50_A0A076Q4Q8	75.817	153	35	2	5	156	1	152	9.42e-70	214
NC_035465.1_orf:2_27	UniRef50_A0A1L3KIX2	27.000	100	64	2	45	136	38	136	5.26e-04	46.2
NC_035465.1_orf:2_28	UniRef50_A0A222AIE7	100.000	501	0	0	15	515	1	501	0.0	1044
NC_035465.1_orf:2_28	UniRef50_A0A076PUZ6	71.657	501	140	1	15	515	1	499	0.0	738
NC_035465.1_orf:4_19	UniRef50_A0A1V9XZ95	38.750	80	49	0	22	101	323	402	1.51e-05	52.0
NC_035465.1_orf:4_19	UniRef50_A0A1V9XZ95	37.179	78	49	0	28	105	316	393	2.39e-05	51.6
NC_035465.1_orf:4_19	UniRef50_A0A1V9XZ95	38.571	70	43	0	22	91	336	405	8.24e-04	47.0
NC_035465.1_orf:4_19	UniRef50_UPI000BE14F89	41.333	75	44	0	27	101	368	442	2.42e-04	48.5
NC_035465.1_orf:4_19	UniRef50_UPI000BE14F89	38.356	73	45	0	27	99	381	453	2.93e-04	48.1
NC_035465.1_orf:4_19	UniRef50_UPI000BE14F89	38.961	77	47	0	27	103	355	431	5.60e-04	47.4
NC_035465.1_orf:4_19	UniRef50_UPI000BE14F89	32.955	88	59	0	16	103	318	405	8.50e-04	47.0
NC_035465.1_orf:4_19	UniRef50_UPI000BE14F89	38.961	77	47	0	27	103	342	418	0.001	47.0
NC_035465.1_orf:4_20	UniRef50_A0A1V9XGZ0	37.975	79	44	3	38	114	1567	1642	6.75e-06	52.8
NC_035465.1_orf:4_20	UniRef50_A0A1V9XGZ0	36.620	71	36	2	53	114	1560	1630	2.88e-05	50.8
NC_035465.1_orf:4_20	UniRef50_A0A1V9XGZ0	34.177	79	47	3	38	114	1579	1654	6.20e-05	49.7
NC_035465.1_orf:4_20	UniRef50_A0A1V6K4C8	31.915	47	32	0	70	116	22	68	2.44e-04	47.0
NC_035465.1_orf:4_20	UniRef50_A0A1Z4A6G1	47.222	36	19	0	81	116	105	140	6.40e-04	45.4
