NC_034972.1_orf:0_2	UniRef50_A0A096XNJ3	94.364	2679	151	0	4	2682	4068	6746	0.0	5296
NC_034972.1_orf:0_2	UniRef50_A0A096XNJ0	70.998	2686	767	6	4	2682	2299	4979	0.0	4105
NC_034972.1_orf:0_2	UniRef50_S5YAF0	70.435	2689	776	6	1	2682	4147	6823	0.0	4066
NC_034972.1_orf:0_2	UniRef50_P0C6X5	69.735	2683	799	7	6	2682	4052	6727	0.0	4024
NC_034972.1_orf:0_2	UniRef50_P0C6X1	70.026	2689	789	9	4	2682	4075	6756	0.0	4009
NC_034972.1_orf:0_2	UniRef50_Q98VG9	69.817	2677	787	6	15	2682	4043	6707	0.0	3995
NC_034972.1_orf:0_2	UniRef50_A0A240FW17	63.249	2672	958	10	6	2671	3661	6314	0.0	3536
NC_034972.1_orf:0_2	UniRef50_P0C6W5	55.930	2698	1138	24	3	2669	4239	6916	0.0	3093
NC_034972.1_orf:0_2	UniRef50_K9N7C7	56.015	2710	1154	23	1	2686	4381	7076	0.0	3079
NC_034972.1_orf:0_2	UniRef50_P0C6X7	54.361	2717	1189	23	1	2683	4374	7073	0.0	3007
NC_034972.1_orf:0_11	UniRef50_A0A1L7HIW4	93.590	78	5	0	2	79	1	78	2.43e-45	146
NC_034972.1_orf:0_11	UniRef50_P19741	38.571	70	43	0	6	75	2	71	7.76e-12	62.0
NC_034972.1_orf:0_11	UniRef50_A0A0U1UYX1	34.783	69	45	0	11	79	7	75	5.98e-07	49.7
NC_034972.1_orf:0_11	UniRef50_Q84706	34.783	69	45	0	7	75	2	70	2.28e-04	43.1
NC_034972.1_orf:0_12	UniRef50_A0A1L7HJ65	93.145	248	17	0	4	251	1	248	6.06e-171	478
NC_034972.1_orf:0_12	UniRef50_P04135	60.996	241	84	2	11	251	32	262	3.82e-101	301
NC_034972.1_orf:0_12	UniRef50_A0A0K2SF30	57.551	245	99	2	7	251	26	265	3.12e-100	300
NC_034972.1_orf:0_12	UniRef50_A0A077ER14	61.836	207	79	0	45	251	1	207	5.18e-89	269
NC_034972.1_orf:0_12	UniRef50_P15422	50.218	229	106	3	23	250	3	224	8.34e-68	216
NC_034972.1_orf:0_12	UniRef50_V5R662	66.667	135	45	0	99	233	1	135	3.41e-58	188
NC_034972.1_orf:0_12	UniRef50_P03415	42.308	208	116	2	40	247	23	226	6.23e-45	157
NC_034972.1_orf:0_12	UniRef50_L7QCU7	44.970	169	90	1	40	208	1	166	4.10e-42	149
NC_034972.1_orf:0_12	UniRef50_B1P891	62.037	108	41	0	113	220	1	108	7.13e-40	140
NC_034972.1_orf:0_12	UniRef50_U5LQX7	40.314	191	109	3	42	232	17	202	3.70e-38	140
NC_034972.1_orf:0_13	UniRef50_A0A1X9JRR1	100.000	389	0	0	9	397	1	389	0.0	808
NC_034972.1_orf:0_13	UniRef50_A0A1L7HJ39	78.005	391	83	2	9	396	1	391	0.0	604
NC_034972.1_orf:0_13	UniRef50_K4JZT7	34.085	355	182	12	31	346	15	356	3.94e-48	176
NC_034972.1_orf:0_13	UniRef50_F1DAY0	33.239	352	185	11	40	350	14	356	4.24e-47	172
NC_034972.1_orf:0_13	UniRef50_B1PHJ9	30.457	394	238	12	21	395	2	378	4.46e-46	170
NC_034972.1_orf:0_13	UniRef50_Q0Q462	31.792	346	198	10	28	347	2	335	8.26e-46	169
NC_034972.1_orf:0_13	UniRef50_A0A240FW20	31.304	345	216	7	30	363	14	348	1.00e-44	166
NC_034972.1_orf:0_13	UniRef50_S5YAG0	31.124	347	201	7	35	348	8	349	3.48e-42	160
NC_034972.1_orf:0_13	UniRef50_A0A0U1WHF5	31.117	376	190	12	28	346	12	375	6.39e-40	154
NC_034972.1_orf:0_13	UniRef50_A0A0U1WHF1	32.591	359	181	13	40	346	13	362	3.44e-39	152
NC_034972.1_orf:1_1	UniRef50_A0A1X9JQL5	100.000	3974	0	0	2	3975	1	3974	0.0	8213
NC_034972.1_orf:1_1	UniRef50_A0A096XNJ3	76.411	4074	847	16	2	3966	1	4069	0.0	6463
NC_034972.1_orf:1_1	UniRef50_A0A096XNI1	87.369	1813	228	1	2155	3966	2	1814	0.0	3293
NC_034972.1_orf:1_1	UniRef50_P0C6V2	41.816	3006	1573	48	1083	3975	1075	4017	0.0	2285
NC_034972.1_orf:1_1	UniRef50_P0C6V2	29.730	555	326	17	59	576	58	585	4.56e-47	197
NC_034972.1_orf:1_1	UniRef50_A8JNZ1	47.080	2517	1271	22	1474	3975	1589	4059	0.0	2283
NC_034972.1_orf:1_1	UniRef50_A8JNZ1	27.685	661	401	18	4	619	4	632	2.93e-50	208
NC_034972.1_orf:1_1	UniRef50_A8JNZ1	33.333	387	236	14	1093	1464	1052	1431	2.57e-34	155
NC_034972.1_orf:1_1	UniRef50_A8JNZ1	28.649	185	111	7	510	683	826	1000	2.64e-04	56.6
NC_034972.1_orf:1_1	UniRef50_A0A0U2GN93	45.074	2578	1328	27	1427	3975	1572	4090	0.0	2266
NC_034972.1_orf:1_1	UniRef50_A0A0U2GN93	28.758	612	367	16	4	571	4	590	6.95e-51	210
NC_034972.1_orf:1_1	UniRef50_A0A0U2GN93	28.738	428	244	14	1087	1466	1044	1458	6.60e-27	131
NC_034972.1_orf:1_1	UniRef50_A0A0U2GN93	28.025	157	98	4	525	674	845	993	8.59e-04	55.1
NC_034972.1_orf:1_1	UniRef50_Q98VG9	41.143	3009	1598	44	1079	3975	1095	4042	0.0	2253
NC_034972.1_orf:1_1	UniRef50_Q98VG9	28.223	574	352	14	38	576	37	585	3.62e-46	195
NC_034972.1_orf:1_1	UniRef50_P0C6U2	44.962	2531	1326	22	1469	3975	1598	4085	0.0	2228
NC_034972.1_orf:1_1	UniRef50_P0C6U2	27.273	605	385	15	4	571	4	590	6.62e-47	197
NC_034972.1_orf:1_1	UniRef50_P0C6U2	27.594	424	246	16	1087	1462	1037	1447	9.32e-25	124
NC_034972.1_orf:1_1	UniRef50_P0C6U2	28.313	166	98	5	525	680	845	999	4.08e-04	55.8
NC_034972.1_orf:1_1	UniRef50_P0C6X1	44.849	2524	1321	22	1469	3966	1598	4076	0.0	2218
NC_034972.1_orf:1_1	UniRef50_P0C6X1	27.273	605	385	15	4	571	4	590	6.35e-47	197
NC_034972.1_orf:1_1	UniRef50_P0C6X1	26.995	426	254	14	1087	1466	1037	1451	1.27e-24	124
NC_034972.1_orf:1_1	UniRef50_P0C6X1	28.313	166	98	5	525	680	845	999	4.81e-04	55.8
NC_034972.1_orf:1_1	UniRef50_P0C6V6	45.661	2604	1321	34	1416	3975	1564	4117	0.0	2216
NC_034972.1_orf:1_1	UniRef50_P0C6V6	27.614	612	378	14	3	573	3	590	2.82e-48	202
NC_034972.1_orf:1_1	UniRef50_P0C6V6	31.873	411	244	15	1088	1473	1075	1474	1.08e-34	157
NC_034972.1_orf:1_1	UniRef50_P0C6V6	28.428	299	180	11	407	691	732	1010	1.42e-14	90.5
NC_034972.1_orf:1_9	UniRef50_A0A1X9JJW1	100.000	214	0	0	6	219	1	214	3.51e-152	427
NC_034972.1_orf:1_9	UniRef50_A0A0U1WJW8	43.103	174	95	1	37	210	31	200	4.86e-38	138
NC_034972.1_orf:1_9	UniRef50_H9TEX3	35.556	225	129	5	6	216	1	223	7.53e-34	128
NC_034972.1_orf:1_9	UniRef50_P09047	34.081	223	135	2	6	216	1	223	1.23e-33	127
NC_034972.1_orf:1_9	UniRef50_A0A0U2GMK5	31.193	218	140	3	6	216	1	215	2.20e-33	126
NC_034972.1_orf:1_9	UniRef50_F1DAX7	36.744	215	131	2	6	219	1	211	5.56e-31	120
NC_034972.1_orf:1_9	UniRef50_A8JNZ3	31.944	216	142	2	6	216	1	216	2.56e-30	119
NC_034972.1_orf:1_9	UniRef50_V9PIW6	39.855	138	83	0	75	212	3	140	4.44e-29	114
NC_034972.1_orf:1_9	UniRef50_Q6Q1S1	34.450	209	130	5	8	210	4	211	2.29e-27	111
NC_034972.1_orf:1_9	UniRef50_K4K2S1	34.054	185	110	3	35	218	34	207	6.25e-24	102
NC_034972.1_orf:1_14	UniRef50_A0A1X9JTC4	100.000	105	0	0	8	112	1	105	9.49e-73	218
NC_034972.1_orf:2_13	UniRef50_A0A1L7HJ82	71.079	1103	306	6	36	1127	34	1134	0.0	1608
NC_034972.1_orf:2_13	UniRef50_A8JNZ2	41.347	1173	590	30	4	1127	5	1128	0.0	833
NC_034972.1_orf:2_13	UniRef50_A0A240FW18	39.293	962	508	27	210	1127	205	1134	0.0	631
NC_034972.1_orf:2_13	UniRef50_L7UP84	28.981	1011	588	31	227	1126	334	1325	5.90e-117	400
NC_034972.1_orf:2_13	UniRef50_P59594	29.146	995	585	31	219	1113	262	1236	1.39e-115	395
NC_034972.1_orf:2_13	UniRef50_A3EXG6	33.990	762	438	21	408	1113	501	1253	1.88e-114	393
NC_034972.1_orf:2_13	UniRef50_A0A166ZL64	28.974	994	600	28	203	1113	247	1217	2.09e-113	389
NC_034972.1_orf:2_13	UniRef50_K9N5Q8	31.373	765	464	21	417	1127	596	1353	7.02e-104	364
NC_034972.1_orf:2_13	UniRef50_Q64FG1	36.346	520	314	12	605	1113	2	515	2.05e-103	343
NC_034972.1_orf:2_13	UniRef50_A0A1W5YKT3	33.548	775	398	24	423	1127	668	1395	5.21e-103	362
NC_034972.1_orf:2_14	UniRef50_A0A1X9JJV4	100.000	166	0	0	3	168	1	166	3.14e-119	340
NC_034972.1_orf:2_14	UniRef50_A0A1L7HJ82	29.710	138	87	5	10	138	270	406	2.75e-10	65.9
