NC_034390.1_orf:1_1	UniRef50_A0A1W5XFU8	100.000	271	0	0	3	273	1	271	0.0	561
NC_034390.1_orf:1_1	UniRef50_A0A1E1JQ40	61.940	268	101	1	5	272	2	268	6.83e-118	345
NC_034390.1_orf:1_1	UniRef50_Q86564	29.670	273	145	12	6	252	2	253	3.26e-18	89.7
NC_034390.1_orf:2_1	UniRef50_A0A1S5T5A9	100.000	352	0	0	27	378	1	352	0.0	729
NC_034390.1_orf:2_1	UniRef50_A0A1E1JQ53	64.048	331	107	4	50	377	24	345	4.18e-150	434
NC_034390.1_orf:2_1	UniRef50_Q86563	26.792	265	179	8	106	366	100	353	3.33e-20	98.6
NC_034390.1_orf:2_1	UniRef50_Q3SAL0	30.081	123	85	1	191	313	4	125	4.10e-11	69.3
NC_034387.1_orf:0_1	UniRef50_Q6TQR6	64.182	4012	1347	17	15	4003	1	3945	0.0	5284
NC_034387.1_orf:0_1	UniRef50_A0A142J8F6	53.084	3097	1416	18	865	3946	777	3851	0.0	3283
NC_034387.1_orf:0_1	UniRef50_A0A142J8F6	44.547	761	396	11	23	765	9	761	3.35e-180	636
NC_034387.1_orf:0_1	UniRef50_A0A1S5NQD1	50.743	3230	1500	26	791	3963	729	3924	0.0	3200
NC_034387.1_orf:0_1	UniRef50_A0A1S5NQD1	41.071	784	429	12	17	774	4	780	1.36e-167	595
NC_034387.1_orf:0_1	UniRef50_J3RTH4	49.420	3189	1544	25	841	4001	714	3861	0.0	3136
NC_034387.1_orf:0_1	UniRef50_J3RTH4	38.839	775	415	11	18	782	7	732	6.63e-153	547
NC_034387.1_orf:0_1	UniRef50_A0A0M5KTS8	45.520	3203	1639	34	880	4001	813	3990	0.0	2701
NC_034387.1_orf:0_1	UniRef50_A0A0M5KTS8	34.772	788	474	11	16	768	3	785	3.58e-121	442
NC_034387.1_orf:0_1	UniRef50_A0A1S5NU36	39.414	3958	2213	47	22	3899	19	3871	0.0	2699
NC_034387.1_orf:0_1	UniRef50_A0A0M4L956	45.184	3198	1639	35	871	4001	814	3964	0.0	2695
NC_034387.1_orf:0_1	UniRef50_A0A0M4L956	33.415	820	490	16	15	786	1	812	1.96e-115	424
NC_034387.1_orf:0_1	UniRef50_A0A0M4KEL9	44.944	3224	1667	38	860	4001	794	3991	0.0	2682
NC_034387.1_orf:0_1	UniRef50_A0A0M4KEL9	33.911	808	463	13	18	774	5	792	3.11e-118	433
NC_034387.1_orf:0_1	UniRef50_A0A0B5KXW6	39.855	3859	2152	48	29	3815	22	3783	0.0	2674
NC_034387.1_orf:0_1	UniRef50_A0A191KWC5	44.808	3178	1649	37	860	3968	776	3917	0.0	2664
NC_034387.1_orf:0_1	UniRef50_A0A191KWC5	36.683	796	450	18	18	780	1	775	5.11e-129	468
NC_034386.1_orf:0_1	UniRef50_P27318	61.728	486	181	3	4	485	1	485	0.0	644
NC_034386.1_orf:0_1	UniRef50_P27317	61.157	484	184	2	4	485	1	482	0.0	636
NC_034386.1_orf:0_1	UniRef50_W8PSJ2	62.162	370	136	2	57	424	1	368	7.53e-173	497
NC_034386.1_orf:0_1	UniRef50_J3S7E7	42.418	488	262	6	4	485	1	475	5.19e-129	395
NC_034386.1_orf:0_1	UniRef50_A0A1S5NVM8	40.123	486	278	5	4	485	1	477	3.05e-124	378
NC_034386.1_orf:0_1	UniRef50_A0A1S5NSF5	42.105	475	254	10	19	484	16	478	4.98e-116	357
NC_034386.1_orf:0_1	UniRef50_A0A0C5B7U1	36.550	487	295	6	6	485	1	480	1.57e-108	337
NC_034386.1_orf:0_1	UniRef50_A0A0M3SU21	36.701	485	288	6	14	485	10	488	8.93e-106	332
NC_034386.1_orf:0_1	UniRef50_A0A1S5NQC1	34.774	486	294	7	19	485	15	496	9.25e-94	300
NC_034386.1_orf:0_1	UniRef50_A0A191KW86	36.515	482	286	7	19	485	15	491	1.10e-91	295
NC_034384.1_orf:0_2	UniRef50_A0A1W5ZJM3	100.000	3012	0	0	33	3044	1	3012	0.0	6294
NC_034384.1_orf:0_2	UniRef50_Q6UP17	78.258	2916	575	17	162	3044	90	2979	0.0	4751
NC_034384.1_orf:0_2	UniRef50_J7KDU2	41.607	3062	1590	56	44	3007	13	2974	0.0	2342
NC_034384.1_orf:0_2	UniRef50_R4LAI8	86.842	114	15	0	2594	2707	2	115	3.60e-62	216
NC_034384.1_orf:0_2	UniRef50_A0A1D9CFQ6	30.017	603	356	24	2308	2873	2060	2633	1.26e-46	196
NC_034384.1_orf:0_2	UniRef50_A0A1D9CFQ6	25.974	616	412	13	440	1040	319	905	1.70e-43	185
NC_034384.1_orf:0_2	UniRef50_A0A1D9CFQ6	21.459	713	465	22	1181	1824	1048	1734	2.96e-20	108
NC_034384.1_orf:0_2	UniRef50_A0A1L3KKU5	25.172	580	345	14	397	953	248	761	2.74e-39	171
NC_034384.1_orf:0_2	UniRef50_A0A1L3KKU5	27.222	540	328	22	2448	2941	2372	2892	2.07e-28	135
NC_034384.1_orf:0_2	UniRef50_A0A1L3KKU5	28.400	250	147	6	1597	1844	1491	1710	7.03e-17	97.8
NC_034384.1_orf:0_2	UniRef50_A0A1L3KM71	28.963	511	305	21	2513	2984	2482	2973	1.23e-37	166
NC_034384.1_orf:0_2	UniRef50_A0A1L3KM71	22.866	328	238	7	1440	1759	1344	1664	3.85e-15	92.0
NC_034384.1_orf:0_2	UniRef50_A0A1L3KM71	21.440	611	398	20	403	957	232	816	1.80e-14	89.7
NC_034384.1_orf:0_2	UniRef50_A0A1L3KKS4	25.610	738	457	30	2308	2984	1233	1939	3.09e-36	161
NC_034384.1_orf:0_2	UniRef50_A0A1L3KKS4	26.354	277	168	7	1587	1856	499	746	1.38e-15	93.6
NC_034384.1_orf:0_2	UniRef50_A0A1L3KKS4	21.441	583	344	15	412	952	1979	2489	2.98e-15	92.4
NC_034384.1_orf:0_2	UniRef50_I3XP86	24.060	665	388	21	319	953	150	727	3.51e-34	154
NC_034384.1_orf:0_2	UniRef50_I3XP86	26.058	591	382	20	2448	2995	2307	2885	3.65e-32	148
NC_034384.1_orf:0_2	UniRef50_I3XP86	24.197	467	280	19	1487	1924	1346	1767	3.57e-08	68.9
NC_034384.1_orf:0_2	UniRef50_A0A1L3KGX4	26.573	572	341	14	395	953	244	749	7.87e-34	153
NC_034384.1_orf:0_2	UniRef50_A0A1L3KGX4	24.063	507	331	17	2373	2847	2387	2871	2.26e-22	115
NC_034384.1_orf:0_2	UniRef50_A0A1L3KGX4	29.054	148	102	2	1597	1743	1530	1675	9.38e-07	64.3
