NC_031960.1_orf:0_2	UniRef50_A0A0U4D408	35.714	70	45	0	30	99	493	562	1.16e-09	62.0
NC_031960.1_orf:0_2	UniRef50_A0A0G3BAH4	39.437	71	42	1	36	105	595	665	1.19e-08	58.9
NC_031960.1_orf:0_2	UniRef50_E7BMY3	66.667	33	11	0	67	99	29	61	1.25e-05	50.1
NC_031960.1_orf:1_1	UniRef50_A0A1I9UVN9	100.000	1632	0	0	13	1644	1	1632	0.0	3379
NC_031960.1_orf:1_1	UniRef50_A0A0G3BAH4	36.245	1534	862	30	139	1613	106	1582	0.0	874
NC_031960.1_orf:1_1	UniRef50_A0A0U4D408	35.901	1337	756	27	272	1581	168	1430	0.0	743
NC_031960.1_orf:1_1	UniRef50_Q5GHF6	32.839	1282	725	35	274	1506	166	1360	0.0	593
NC_031960.1_orf:1_1	UniRef50_A0A0S2KPV8	33.130	1150	663	32	377	1500	288	1357	3.21e-178	585
NC_031960.1_orf:1_1	UniRef50_A0A0S2KP81	33.623	1151	658	25	377	1508	276	1339	1.53e-173	572
NC_031960.1_orf:1_1	UniRef50_A0A0M3SUM5	30.787	1296	750	32	389	1643	290	1479	3.62e-167	555
NC_031960.1_orf:1_1	UniRef50_A0A068Q774	30.867	1257	763	29	311	1548	229	1398	6.93e-167	554
NC_031960.1_orf:1_1	UniRef50_A0A076KXD4	32.746	1191	677	31	353	1519	249	1339	9.52e-166	550
NC_031960.1_orf:1_1	UniRef50_A0A1B4ZA67	31.858	1152	681	29	370	1500	255	1323	1.30e-164	547
NC_031960.1_orf:1_2	UniRef50_A0A1I9UVP0	100.000	469	0	0	7	475	1	469	0.0	962
NC_031960.1_orf:1_2	UniRef50_A0A0U3KCR3	27.749	191	128	5	107	292	61	246	4.40e-07	60.8
NC_031960.1_orf:1_2	UniRef50_A0A0G3BIC2	20.492	244	177	7	51	284	5	241	4.07e-05	55.1
NC_031958.1_orf:0_2	UniRef50_X4R558	29.148	446	282	14	5	430	7	438	1.65e-46	174
NC_031958.1_orf:0_2	UniRef50_X4QM08	26.180	466	306	14	4	447	6	455	9.03e-41	159
NC_031958.1_orf:0_2	UniRef50_A0A1L2YVG9	27.427	412	282	10	10	409	1	407	3.97e-33	137
NC_031958.1_orf:0_2	UniRef50_A0A0D3R1L4	22.255	337	226	10	5	315	43	369	2.92e-11	73.9
NC_031958.1_orf:0_2	UniRef50_A0A220F6X1	20.238	336	234	7	5	316	40	365	1.60e-10	71.6
NC_031958.1_orf:0_2	UniRef50_U5NI88	20.857	350	215	13	5	315	43	369	4.35e-10	70.5
NC_031958.1_orf:0_2	UniRef50_F7J0V2	21.753	308	190	11	57	328	72	364	3.16e-09	67.4
NC_031958.1_orf:0_2	UniRef50_A0A0B5KKB0	21.637	342	222	10	7	318	41	366	5.38e-09	67.0
NC_031958.1_orf:0_2	UniRef50_A0A0C4MKA3	20.349	344	222	13	5	315	44	368	2.09e-06	58.9
NC_031958.1_orf:0_2	UniRef50_A0A0D3R1Y2	22.781	338	218	13	5	315	25	346	4.87e-06	57.8
NC_031958.1_orf:0_3	UniRef50_X4QM12	47.290	2011	1023	22	48	2038	40	2033	0.0	1833
NC_031958.1_orf:0_3	UniRef50_A0A1L2YVG6	45.312	2048	1075	22	8	2048	7	2016	0.0	1714
NC_031958.1_orf:0_3	UniRef50_A0A286N609	33.041	2052	1208	41	47	1984	41	2040	0.0	1017
NC_031958.1_orf:0_3	UniRef50_Q91DR9	34.412	1854	1098	32	49	1846	34	1825	0.0	978
NC_031958.1_orf:0_3	UniRef50_Q06Z35	31.809	2034	1268	39	21	1994	7	1981	0.0	966
NC_031958.1_orf:0_3	UniRef50_A0A1L3KN67	33.501	1791	1098	27	225	1961	226	1977	0.0	959
NC_031958.1_orf:0_3	UniRef50_A0A0B5KTT2	33.498	1827	1097	32	237	1994	222	1999	0.0	958
NC_031958.1_orf:0_3	UniRef50_A0A140D8Q3	32.602	1960	1153	42	49	1912	40	1927	0.0	953
NC_031958.1_orf:0_3	UniRef50_V5PZP2	32.058	2012	1232	40	51	1982	41	1997	0.0	951
NC_031958.1_orf:0_3	UniRef50_Q4VKV2	31.561	2050	1293	41	22	2005	1	2006	0.0	949
NC_031958.1_orf:1_1	UniRef50_A0A1L2YVF9	30.455	440	267	13	31	456	8	422	6.98e-51	185
NC_031958.1_orf:1_1	UniRef50_X4R286	28.474	439	289	11	29	457	6	429	4.17e-40	156
NC_031958.1_orf:1_1	UniRef50_A0A0D3R162	25.522	431	299	10	29	454	5	418	3.78e-28	123
NC_031958.1_orf:1_1	UniRef50_A0A0B5KXT6	22.973	444	300	11	30	458	6	422	4.43e-25	114
NC_031958.1_orf:1_1	UniRef50_A0A1L3KMW0	26.453	344	221	11	19	356	8	325	3.19e-24	112
NC_031958.1_orf:1_1	UniRef50_A0A1L3KNA6	26.062	353	238	10	25	370	9	345	3.87e-23	109
NC_031958.1_orf:1_1	UniRef50_A0A0D3R1K1	28.144	334	202	11	64	384	35	343	8.74e-23	108
NC_031958.1_orf:1_1	UniRef50_Q0QBR9	26.801	347	225	10	120	455	30	358	1.00e-22	107
NC_031958.1_orf:1_1	UniRef50_Q65474	24.882	422	271	10	61	458	32	431	1.17e-22	107
NC_031958.1_orf:1_1	UniRef50_A0A1L3KN95	25.542	415	266	17	63	458	39	429	1.76e-22	107
NC_031947.1_orf:1_1	UniRef50_M9ZVI8	100.000	2971	0	0	16	2986	1	2971	0.0	6126
NC_031947.1_orf:1_1	UniRef50_M9ZZL8	48.831	3037	1459	30	26	2983	3	3023	0.0	2861
NC_031947.1_orf:1_1	UniRef50_A0A089ZXH7	38.454	3014	1668	57	24	2954	5	2914	0.0	1841
NC_031947.1_orf:1_1	UniRef50_C7AF12	37.617	2140	1249	33	16	2089	1	2120	0.0	1297
NC_031947.1_orf:1_1	UniRef50_C7AF12	39.369	602	353	8	2362	2954	2376	2974	8.45e-114	417
NC_031947.1_orf:1_1	UniRef50_P27958	37.539	2235	1269	44	16	2165	1	2193	0.0	1291
NC_031947.1_orf:1_1	UniRef50_P27958	38.629	598	351	8	2370	2954	2386	2980	1.96e-108	399
NC_031947.1_orf:1_1	UniRef50_A0A076MDV2	39.511	1759	963	28	483	2165	499	2232	0.0	1130
NC_031947.1_orf:1_1	UniRef50_A0A076MDV2	38.963	598	349	8	2370	2954	2425	3019	3.34e-109	401
NC_031947.1_orf:1_1	UniRef50_A0A076MDV2	31.959	388	240	11	16	390	1	377	1.82e-46	195
NC_031947.1_orf:1_1	UniRef50_M9ZRW5	32.484	2552	1556	52	522	2983	423	2897	0.0	1110
NC_031947.1_orf:1_1	UniRef50_M9ZRW5	30.347	346	212	10	69	397	31	364	1.04e-25	126
NC_031947.1_orf:1_1	UniRef50_A0A1S6R3X6	36.983	1863	1056	35	23	1800	7	1836	0.0	1085
NC_031947.1_orf:1_1	UniRef50_A0A1S6R3X6	37.500	640	375	9	2326	2949	2438	3068	3.72e-110	405
NC_031947.1_orf:1_1	UniRef50_A0A1S6R3X6	37.176	425	252	6	1745	2161	1863	2280	1.87e-73	284
NC_031947.1_orf:1_1	UniRef50_Q81817	41.578	1496	808	18	699	2161	1	1463	0.0	1062
NC_031947.1_orf:1_1	UniRef50_A0A1S6R4Q9	37.659	1649	947	22	552	2145	589	2211	0.0	1030
NC_031947.1_orf:1_1	UniRef50_A0A1S6R4Q9	28.733	529	318	18	16	500	1	514	7.86e-42	180
