NC_031988.1_orf:1_5	UniRef50_P16289	90.550	2127	201	0	72	2198	1	2127	0.0	4024
NC_031988.1_orf:1_5	UniRef50_A0A286N609	37.101	2097	1245	34	102	2159	43	2104	0.0	1256
NC_031988.1_orf:1_5	UniRef50_A0A1L3KN67	36.769	1931	1179	20	245	2153	172	2082	0.0	1236
NC_031988.1_orf:1_5	UniRef50_A0A0B5KXF8	35.369	2030	1219	31	94	2077	40	2022	0.0	1173
NC_031988.1_orf:1_5	UniRef50_P03523	34.566	2109	1278	35	102	2178	34	2072	0.0	1148
NC_031988.1_orf:1_5	UniRef50_E7D0U6	34.831	2070	1271	35	102	2148	32	2046	0.0	1141
NC_031988.1_orf:1_5	UniRef50_A0A0B5KTD4	35.507	2101	1260	34	102	2156	42	2093	0.0	1140
NC_031988.1_orf:1_5	UniRef50_Q91DR9	35.127	2118	1265	39	102	2194	34	2067	0.0	1132
NC_031988.1_orf:1_5	UniRef50_E3P8Z1	36.154	1950	1152	39	100	2029	30	1906	0.0	1127
NC_031988.1_orf:1_5	UniRef50_A0A0B5KTD9	33.977	2175	1332	40	74	2195	27	2150	0.0	1120
NC_006447.1_orf:0_1	UniRef50_P03540	100.000	503	0	0	3	505	1	503	0.0	1046
NC_006447.1_orf:0_1	UniRef50_Q8B121	50.791	506	232	8	3	496	1	501	0.0	533
NC_006447.1_orf:0_1	UniRef50_A0A088Q110	74.923	323	79	1	3	325	1	321	0.0	521
NC_006447.1_orf:0_1	UniRef50_G8XR52	42.659	504	252	11	3	499	1	474	6.29e-136	408
NC_006447.1_orf:0_1	UniRef50_P09991	42.574	505	262	9	3	497	1	487	3.22e-128	389
NC_006447.1_orf:0_1	UniRef50_G8XRH1	41.980	505	252	9	3	499	1	472	8.76e-127	385
NC_006447.1_orf:0_1	UniRef50_B7U9H2	41.782	505	266	9	3	497	1	487	5.70e-125	388
NC_006447.1_orf:0_1	UniRef50_P26313	39.721	501	266	9	3	496	1	472	1.43e-122	374
NC_006447.1_orf:0_1	UniRef50_Q8B122	40.476	504	267	8	3	503	1	474	3.00e-121	371
NC_006447.1_orf:0_1	UniRef50_D7PQ63	41.920	427	210	8	3	417	1	401	9.82e-111	341
NC_006447.1_orf:5_1	UniRef50_Q8BD31	63.849	556	196	4	10	562	1	554	0.0	729
NC_006447.1_orf:5_1	UniRef50_P13699	50.973	565	263	5	11	565	4	564	0.0	592
NC_006447.1_orf:5_1	UniRef50_P09992	50.540	556	265	4	10	562	3	551	0.0	572
NC_006447.1_orf:5_1	UniRef50_V9LTM7	64.267	375	127	4	10	380	1	372	2.48e-169	492
NC_006447.1_orf:5_1	UniRef50_F1AM10	53.488	387	161	5	11	384	4	384	4.41e-134	402
NC_006447.1_orf:5_1	UniRef50_V9LTH7	63.087	298	106	3	85	380	1	296	8.65e-132	393
NC_006447.1_orf:5_1	UniRef50_A0A140X126	63.786	243	88	0	316	558	1	243	1.66e-114	347
NC_006447.1_orf:5_1	UniRef50_A0A0F6MY91	54.636	302	135	1	10	309	3	304	6.52e-111	340
NC_006447.1_orf:5_1	UniRef50_V9LTL0	63.333	210	77	0	171	380	1	210	8.65e-94	293
NC_006447.1_orf:5_1	UniRef50_Q65307	61.317	243	91	2	11	253	4	243	4.79e-93	292
NC_006439.1_orf:0_1	UniRef50_Q915A5	100.000	2190	0	0	11	2200	1	2190	0.0	4506
NC_006439.1_orf:0_1	UniRef50_A9JR23	53.684	2226	981	21	14	2200	7	2221	0.0	2340
NC_006439.1_orf:0_1	UniRef50_Q6UY70	43.980	2251	1147	44	11	2200	1	2198	0.0	1741
NC_006439.1_orf:0_1	UniRef50_Q6IUF8	42.806	2238	1183	37	11	2190	1	2199	0.0	1716
NC_006439.1_orf:0_1	UniRef50_B2MW49	44.234	2272	1138	47	11	2193	1	2232	0.0	1701
NC_006439.1_orf:0_1	UniRef50_O09705	39.515	1979	1053	42	11	1899	1	1925	0.0	1272
NC_006439.1_orf:0_1	UniRef50_C5ILC4	35.463	2301	1307	54	11	2200	1	2234	0.0	1235
NC_006439.1_orf:0_1	UniRef50_Q27YE1	38.747	1964	1087	43	11	1904	1	1918	0.0	1203
NC_006439.1_orf:0_1	UniRef50_P14240	35.629	2265	1302	49	11	2187	1	2197	0.0	1161
NC_006439.1_orf:0_1	UniRef50_A0A0F7KLC0	40.999	1161	627	21	776	1904	690	1824	0.0	834
NC_006439.1_orf:0_1	UniRef50_A0A0F7KLC0	35.806	391	240	7	11	394	1	387	3.78e-44	186
NC_006439.1_orf:3_1	UniRef50_Q6RSS3	76.842	95	22	0	11	105	1	95	6.34e-50	160
NC_006439.1_orf:3_1	UniRef50_B0BLK7	51.389	72	35	0	31	102	26	97	1.17e-20	86.3
NC_006439.1_orf:3_1	UniRef50_Q88470	52.459	61	29	0	41	101	33	93	5.01e-14	69.3
NC_006439.1_orf:3_1	UniRef50_C5ILC3	47.458	59	31	0	44	102	36	94	7.41e-12	63.5
NC_006439.1_orf:3_1	UniRef50_O73557	56.364	55	24	0	48	102	31	85	8.49e-09	55.8
NC_006439.1_orf:3_1	UniRef50_A0A0A7UXU4	40.426	94	51	1	11	104	1	89	1.13e-08	55.5
NC_006439.1_orf:3_1	UniRef50_P19326	44.444	45	25	0	44	88	7	51	2.39e-04	43.5
NC_035798.1_orf:1_4	UniRef50_A0A1L3KJI3	50.784	829	387	11	57	879	25	838	0.0	804
NC_035798.1_orf:1_4	UniRef50_A0A1L3KNG1	46.948	901	413	20	17	881	1790	2661	0.0	723
NC_035798.1_orf:1_4	UniRef50_A0A1L3KM17	45.232	818	423	14	70	880	67	866	0.0	667
NC_035798.1_orf:1_4	UniRef50_A0A1L3KM39	40.496	847	448	17	58	878	43	859	0.0	602
NC_035798.1_orf:1_4	UniRef50_A0A1L3KJ02	40.197	811	455	12	70	871	1885	2674	8.04e-168	549
NC_035798.1_orf:1_4	UniRef50_A7KCA3	36.652	884	497	24	33	879	3	860	2.56e-160	497
NC_035798.1_orf:1_4	UniRef50_U5Y4C6	37.713	822	465	17	72	880	98	885	6.55e-157	489
NC_035798.1_orf:1_4	UniRef50_V5L302	37.428	871	499	17	27	878	1728	2571	1.82e-153	507
NC_035798.1_orf:1_4	UniRef50_A0A1L3KJM0	36.725	855	481	23	59	881	57	883	6.74e-151	473
NC_035798.1_orf:1_4	UniRef50_A0A1L3KND4	37.547	799	448	20	111	881	2	777	1.99e-146	458
NC_035798.1_orf:2_2	UniRef50_A0A1L3KJ85	53.574	1581	704	12	64	1627	105	1672	0.0	1747
NC_035798.1_orf:2_2	UniRef50_A0A1L3KNG1	54.981	793	350	4	842	1632	967	1754	0.0	904
NC_035798.1_orf:2_2	UniRef50_A0A1L3KNG1	45.398	804	407	10	50	836	96	884	0.0	730
NC_035798.1_orf:2_2	UniRef50_A0A1L3KM16	35.260	1540	899	35	118	1621	118	1595	0.0	879
NC_035798.1_orf:2_2	UniRef50_J3SB69	34.774	1550	900	35	122	1626	106	1589	0.0	849
NC_035798.1_orf:2_2	UniRef50_A0A1L3KNC4	35.719	1509	880	35	142	1618	194	1644	0.0	812
NC_035798.1_orf:2_2	UniRef50_V5L302	34.422	1470	848	34	220	1618	212	1636	0.0	752
NC_035798.1_orf:2_2	UniRef50_A0A1L3KM05	33.636	1433	852	32	224	1618	362	1733	0.0	738
NC_035798.1_orf:2_2	UniRef50_A0A1L3KNN1	32.005	1531	918	31	134	1621	181	1631	0.0	731
NC_035798.1_orf:2_2	UniRef50_A0A1L3KLW5	32.175	1439	833	30	236	1618	275	1626	0.0	726
NC_035798.1_orf:2_2	UniRef50_A0A1L3KMA8	29.854	1437	895	38	235	1619	194	1569	2.02e-173	572
