NC_028824.1_orf:0_15	UniRef50_A8JNZ2	79.842	1136	217	6	1	1132	1	1128	0.0	1898
NC_028824.1_orf:0_15	UniRef50_A0A1L7HJ82	41.681	1178	590	31	3	1132	6	1134	0.0	811
NC_028824.1_orf:0_15	UniRef50_A0A240FW18	37.840	1176	645	29	1	1132	1	1134	0.0	747
NC_028824.1_orf:0_15	UniRef50_L7UP84	29.497	756	474	21	411	1131	594	1325	2.77e-95	340
NC_028824.1_orf:0_15	UniRef50_P59594	32.143	672	403	21	471	1114	590	1236	4.95e-93	332
NC_028824.1_orf:0_15	UniRef50_A0A166ZL64	31.222	663	421	17	471	1114	571	1217	1.11e-91	328
NC_028824.1_orf:0_15	UniRef50_S5YGT1	32.436	669	369	21	517	1132	532	1170	6.94e-91	325
NC_028824.1_orf:0_15	UniRef50_B1PHK2	31.177	773	430	24	410	1132	655	1375	2.14e-90	326
NC_028824.1_orf:0_15	UniRef50_F1BYL9	32.571	743	440	22	411	1115	564	1283	3.99e-90	325
NC_028824.1_orf:0_15	UniRef50_P15423	31.982	666	376	21	517	1132	535	1173	7.86e-90	322
NC_028824.1_orf:0_18	UniRef50_P19741	56.338	71	31	0	2	72	1	71	3.59e-22	88.2
NC_028824.1_orf:0_18	UniRef50_A0A0U1UYX1	44.000	75	42	0	2	76	1	75	1.22e-18	79.3
NC_028824.1_orf:0_18	UniRef50_Q84706	50.725	69	34	0	4	72	2	70	2.64e-14	68.2
NC_028824.1_orf:0_18	UniRef50_A0A1L7HIW4	35.135	74	48	0	3	76	5	78	9.79e-10	56.6
NC_028824.1_orf:0_18	UniRef50_A0A220I8U1	43.077	65	37	0	6	70	5	69	5.90e-05	44.3
NC_028824.1_orf:0_20	UniRef50_A8JNZ7	78.788	99	21	0	9	107	1	99	8.59e-49	157
NC_028824.1_orf:1_1	UniRef50_A0A096XNJ0	78.728	2689	562	7	1	2682	2296	4981	0.0	4583
NC_028824.1_orf:1_1	UniRef50_P0C6X1	78.324	2685	575	4	4	2682	4075	6758	0.0	4540
NC_028824.1_orf:1_1	UniRef50_P0C6X5	77.342	2679	604	3	6	2682	4052	6729	0.0	4492
NC_028824.1_orf:1_1	UniRef50_S5YAF0	76.631	2683	622	2	1	2682	4147	6825	0.0	4478
NC_028824.1_orf:1_1	UniRef50_Q98VG9	75.000	2668	660	3	15	2679	4043	6706	0.0	4334
NC_028824.1_orf:1_1	UniRef50_A0A096XNJ3	71.109	2686	762	6	2	2679	4066	6745	0.0	4100
NC_028824.1_orf:1_1	UniRef50_A0A240FW17	65.035	2677	920	11	6	2679	3661	6324	0.0	3705
NC_028824.1_orf:1_1	UniRef50_K9N7C7	56.319	2706	1144	22	1	2681	4381	7073	0.0	3132
NC_028824.1_orf:1_1	UniRef50_P0C6X7	56.047	2712	1145	24	1	2679	4374	7071	0.0	3127
NC_028824.1_orf:1_1	UniRef50_P0C6W5	55.506	2697	1151	24	3	2668	4239	6917	0.0	3126
NC_028824.1_orf:1_5	UniRef50_F1DAY0	52.184	412	133	10	3	375	1	387	1.71e-132	391
NC_028824.1_orf:1_5	UniRef50_B1PHJ9	52.130	399	148	9	3	377	1	380	7.07e-124	369
NC_028824.1_orf:1_5	UniRef50_K4JZT7	48.354	395	159	8	17	377	15	398	2.27e-117	353
NC_028824.1_orf:1_5	UniRef50_Q0Q099	47.073	427	162	9	3	377	1	415	2.01e-114	346
NC_028824.1_orf:1_5	UniRef50_Q0Q462	47.462	394	175	8	11	377	3	391	1.37e-111	338
NC_028824.1_orf:1_5	UniRef50_A0A1L2KGB9	47.242	417	168	8	3	377	1	407	2.11e-106	325
NC_028824.1_orf:1_5	UniRef50_A0A0U1WHF1	48.343	362	142	7	11	328	3	363	5.39e-103	317
NC_028824.1_orf:1_5	UniRef50_S5YAG0	46.176	353	158	3	19	341	11	361	4.28e-101	312
NC_028824.1_orf:1_5	UniRef50_A0A1W5YKT5	45.238	378	163	6	11	344	3	380	1.51e-100	311
NC_028824.1_orf:1_5	UniRef50_Q6Q1R8	43.878	392	188	6	3	377	1	377	1.59e-95	296
NC_028824.1_orf:2_1	UniRef50_A8JNZ1	91.527	4060	331	3	4	4051	1	4059	0.0	7673
NC_028824.1_orf:2_1	UniRef50_A0A0U2GN93	49.418	4126	1973	44	4	4051	1	4090	0.0	3961
NC_028824.1_orf:2_1	UniRef50_P0C6V6	48.407	4142	2018	36	4	4051	1	4117	0.0	3951
NC_028824.1_orf:2_1	UniRef50_P0C6U2	49.127	4122	1986	45	4	4051	1	4085	0.0	3945
NC_028824.1_orf:2_1	UniRef50_P0C6X1	49.088	4113	1983	45	4	4042	1	4076	0.0	3930
NC_028824.1_orf:2_1	UniRef50_P0C6X5	48.803	4092	2001	39	4	4042	1	4051	0.0	3870
NC_028824.1_orf:2_1	UniRef50_B1PHK1	52.198	3117	1396	30	1011	4051	1133	4231	0.0	3241
NC_028824.1_orf:2_1	UniRef50_B1PHK1	37.800	1000	603	12	4	996	1	988	0.0	665
NC_028824.1_orf:2_1	UniRef50_S5Z1D1	51.516	3100	1421	27	1012	4051	1083	4160	0.0	3172
NC_028824.1_orf:2_1	UniRef50_S5Z1D1	36.491	1003	610	11	4	992	1	990	0.0	680
NC_028824.1_orf:2_1	UniRef50_S5YAF0	51.407	3091	1420	27	1012	4042	1083	4151	0.0	3150
NC_028824.1_orf:2_1	UniRef50_S5YAF0	36.491	1003	610	11	4	992	1	990	0.0	679
NC_028824.1_orf:2_1	UniRef50_A0A096XNJ0	58.036	2302	955	7	1750	4042	1	2300	0.0	2826
NC_028824.1_orf:2_14	UniRef50_A8JNZ3	94.323	229	13	0	7	235	1	229	7.30e-161	451
NC_028824.1_orf:2_14	UniRef50_Q6Q1S1	43.836	219	120	3	8	225	3	219	6.17e-56	185
NC_028824.1_orf:2_14	UniRef50_S5ZIX9	39.207	227	133	2	7	232	1	223	5.09e-45	157
NC_028824.1_orf:2_14	UniRef50_Q91AV0	36.937	222	133	2	7	225	1	218	2.08e-43	153
NC_028824.1_orf:2_14	UniRef50_A0A0U2GMK5	33.488	215	142	1	10	224	4	217	1.52e-42	150
NC_028824.1_orf:2_14	UniRef50_F1DAX7	34.821	224	132	4	7	228	1	212	6.62e-34	128
NC_028824.1_orf:2_14	UniRef50_K4K2S1	33.953	215	126	3	10	221	3	204	7.05e-30	118
NC_028824.1_orf:2_14	UniRef50_A0A0U1UYW5	36.082	194	118	3	37	226	24	215	1.54e-29	117
NC_028824.1_orf:2_14	UniRef50_A0A0U1WJW8	32.381	210	127	3	10	216	3	200	1.27e-28	114
NC_028824.1_orf:2_14	UniRef50_A0A249JPV2	34.759	187	102	4	7	187	1	173	1.00e-26	109
NC_028824.1_orf:2_15	UniRef50_A0A1L7HJ65	59.346	214	85	2	17	229	36	248	1.33e-87	266
NC_028824.1_orf:2_15	UniRef50_P04135	53.043	230	106	2	1	229	34	262	2.08e-85	261
NC_028824.1_orf:2_15	UniRef50_P15422	58.150	227	92	1	2	228	1	224	3.00e-83	254
NC_028824.1_orf:2_15	UniRef50_A0A0K2SF30	52.232	224	105	2	7	229	43	265	2.06e-82	253
NC_028824.1_orf:2_15	UniRef50_A0A077ER14	53.365	208	95	2	23	229	1	207	1.53e-78	241
NC_028824.1_orf:2_15	UniRef50_V5R662	55.385	130	58	0	81	210	6	135	3.01e-47	159
NC_028824.1_orf:2_15	UniRef50_A0A0B5IY73	62.810	121	45	0	109	229	1	121	2.26e-41	144
NC_028824.1_orf:2_15	UniRef50_P03415	39.409	203	120	2	13	215	18	217	4.61e-39	141
NC_028824.1_orf:2_15	UniRef50_A8VLQ7	63.542	96	35	0	36	131	1	96	2.54e-37	133
NC_028824.1_orf:2_15	UniRef50_L7QCU7	37.363	182	111	2	18	199	1	179	1.09e-35	131
