NC_034406.1_orf:2_1	UniRef50_M9QY05	64.323	1138	402	2	19	1156	6	1139	0.0	1584
NC_034406.1_orf:2_1	UniRef50_C7EMH7	58.363	1136	466	4	20	1155	4	1132	0.0	1419
NC_034406.1_orf:2_1	UniRef50_Q806Y7	57.130	1136	480	4	20	1155	6	1134	0.0	1394
NC_034406.1_orf:2_1	UniRef50_Q9WJ31	52.580	1124	520	7	34	1151	23	1139	0.0	1267
NC_034406.1_orf:2_1	UniRef50_Q83887	53.480	1135	517	7	25	1155	10	1137	0.0	1246
NC_034406.1_orf:2_1	UniRef50_H8XZP8	74.355	737	187	1	419	1155	1	735	0.0	1202
NC_034406.1_orf:2_1	UniRef50_A0A0D5W3U2	43.986	1139	619	11	19	1152	2	1126	0.0	1020
NC_034406.1_orf:2_1	UniRef50_Q1HE07	55.641	780	340	3	20	799	7	780	0.0	922
NC_034406.1_orf:2_1	UniRef50_A0A075IFP0	42.419	1141	617	22	22	1151	5	1116	0.0	921
NC_034406.1_orf:2_1	UniRef50_A0A1P8DAM0	40.229	1136	651	13	33	1155	16	1136	0.0	895
NC_034405.1_orf:0_1	UniRef50_P19475	61.060	434	162	2	10	437	1	433	0.0	551
NC_034405.1_orf:0_1	UniRef50_G1AQJ3	68.358	335	105	1	104	437	1	335	1.12e-171	491
NC_034405.1_orf:0_1	UniRef50_A0A140HRP3	56.418	335	145	1	14	347	1	335	5.21e-141	413
NC_034405.1_orf:0_1	UniRef50_B6RD46	49.192	433	210	5	12	437	7	436	3.63e-140	415
NC_034405.1_orf:0_1	UniRef50_Q9QKC8	54.412	340	155	0	10	349	1	340	3.42e-132	391
NC_034405.1_orf:0_1	UniRef50_V5M1C7	59.696	263	105	1	95	356	1	263	6.43e-116	347
NC_034405.1_orf:0_1	UniRef50_G8CXY2	66.972	218	65	2	226	437	1	217	6.36e-94	289
NC_034405.1_orf:0_1	UniRef50_A0A068EQW6	44.337	309	163	3	57	364	19	319	1.30e-88	279
NC_034405.1_orf:0_1	UniRef50_I0J0W7	54.751	221	100	0	10	230	1	221	6.80e-85	266
NC_034405.1_orf:0_1	UniRef50_C5J3U4	55.392	204	90	1	113	315	1	204	3.69e-77	245
NC_034404.1_orf:2_1	UniRef50_M9QY05	63.380	1136	414	1	19	1154	5	1138	0.0	1562
NC_034404.1_orf:2_1	UniRef50_H8XZP8	98.098	736	14	0	420	1155	1	736	0.0	1518
NC_034404.1_orf:2_1	UniRef50_C7EMH7	57.951	1132	473	2	23	1154	4	1132	0.0	1413
NC_034404.1_orf:2_1	UniRef50_Q806Y7	56.714	1132	487	2	23	1154	6	1134	0.0	1407
NC_034404.1_orf:2_1	UniRef50_Q9WJ31	52.679	1120	519	6	37	1150	25	1139	0.0	1285
NC_034404.1_orf:2_1	UniRef50_Q83887	53.914	1137	515	6	22	1154	6	1137	0.0	1280
NC_034404.1_orf:2_1	UniRef50_A0A0D5W3U2	45.053	1132	608	9	25	1151	4	1126	0.0	1056
NC_034404.1_orf:2_1	UniRef50_A0A075IFP0	42.291	1135	625	17	23	1150	5	1116	0.0	940
NC_034404.1_orf:2_1	UniRef50_A0A1P8DAM0	40.493	1136	652	13	30	1153	12	1135	0.0	939
NC_034404.1_orf:2_1	UniRef50_M9QZK8	39.421	1139	671	10	25	1153	4	1133	0.0	920
NC_034403.1_orf:1_1	UniRef50_P0C760	76.912	2157	493	2	5	2157	1	2156	0.0	3560
NC_034403.1_orf:1_1	UniRef50_D7NVD2	69.113	1431	441	1	136	1566	1	1430	0.0	2104
NC_034403.1_orf:1_1	UniRef50_V9MFU8	77.691	1152	256	1	244	1395	1	1151	0.0	1924
NC_034403.1_orf:1_1	UniRef50_A0A1B1XXS7	66.667	1179	385	3	981	2157	1	1173	0.0	1702
NC_034403.1_orf:1_1	UniRef50_A0A0K0LEI5	66.451	1082	358	4	5	1084	1	1079	0.0	1491
NC_034403.1_orf:1_1	UniRef50_F6L6Q2	70.424	825	242	1	627	1449	1	825	0.0	1248
NC_034403.1_orf:1_1	UniRef50_R4JAI5	66.159	854	288	1	244	1097	2	854	0.0	1172
NC_034403.1_orf:1_1	UniRef50_R4JAI1	75.347	576	142	0	983	1558	1	576	0.0	960
NC_034403.1_orf:1_1	UniRef50_A0A024AXT8	70.921	619	180	0	404	1022	5	623	0.0	923
NC_034403.1_orf:1_1	UniRef50_R4JAH9	75.876	485	117	0	756	1240	2	486	0.0	781
NC_034399.1_orf:2_1	UniRef50_P0C760	67.362	2157	703	1	12	2168	1	2156	0.0	3073
NC_034399.1_orf:2_1	UniRef50_D7NVD2	76.503	1430	336	0	143	1572	1	1430	0.0	2378
NC_034399.1_orf:2_1	UniRef50_A0A0K0LEI5	74.699	1079	273	0	12	1090	1	1079	0.0	1717
NC_034399.1_orf:2_1	UniRef50_A0A1B1XXS7	65.709	1184	393	3	987	2168	1	1173	0.0	1688
NC_034399.1_orf:2_1	UniRef50_V9MFU8	67.596	1148	372	0	254	1401	4	1151	0.0	1671
NC_034399.1_orf:2_1	UniRef50_R4JAI5	75.029	853	213	0	251	1103	2	854	0.0	1371
NC_034399.1_orf:2_1	UniRef50_F6L6Q2	69.903	824	246	1	633	1454	1	824	0.0	1248
NC_034399.1_orf:2_1	UniRef50_R4JAI1	80.382	576	113	0	989	1564	1	576	0.0	1034
NC_034399.1_orf:2_1	UniRef50_A0A024AXT8	76.414	619	146	0	410	1028	5	623	0.0	1008
NC_034399.1_orf:2_1	UniRef50_H8XZQ3	98.004	451	9	0	12	462	1	451	0.0	924
NC_034398.1_orf:0_1	UniRef50_P19475	58.199	433	176	1	10	437	1	433	0.0	544
NC_034398.1_orf:0_1	UniRef50_G1AQJ3	66.866	335	110	1	104	437	1	335	1.84e-170	488
NC_034398.1_orf:0_1	UniRef50_A0A140HRP3	56.418	335	145	1	14	347	1	335	3.37e-142	416
NC_034398.1_orf:0_1	UniRef50_B6RD46	46.697	439	222	5	4	437	5	436	1.39e-130	390
NC_034398.1_orf:0_1	UniRef50_Q9QKC8	50.294	340	169	0	10	349	1	340	1.66e-130	387
NC_034398.1_orf:0_1	UniRef50_V5M1C7	59.387	261	105	1	97	356	3	263	2.37e-115	345
NC_034398.1_orf:0_1	UniRef50_G8CXY2	66.514	218	66	2	226	437	1	217	2.10e-95	293
NC_034398.1_orf:0_1	UniRef50_A0A068EQW6	48.718	273	137	2	92	364	50	319	7.85e-91	285
NC_034398.1_orf:0_1	UniRef50_I0J0W7	49.321	221	112	0	10	230	1	221	1.56e-80	255
NC_034398.1_orf:0_1	UniRef50_C5J3U4	53.431	204	94	1	113	315	1	204	2.70e-75	241
NC_034397.1_orf:1_1	UniRef50_Q83887	82.337	1138	201	0	2	1139	1	1138	0.0	1979
NC_034397.1_orf:1_1	UniRef50_Q9WJ31	66.667	1119	369	2	19	1134	22	1139	0.0	1662
NC_034397.1_orf:1_1	UniRef50_C7EMH7	57.500	1120	468	6	22	1138	18	1132	0.0	1363
NC_034397.1_orf:1_1	UniRef50_Q806Y7	55.088	1140	503	6	2	1138	1	1134	0.0	1352
NC_034397.1_orf:1_1	UniRef50_M9QY05	54.100	1122	504	9	22	1138	23	1138	0.0	1274
NC_034397.1_orf:1_1	UniRef50_A0A0D5W3U2	48.096	1129	573	8	15	1138	7	1127	0.0	1119
NC_034397.1_orf:1_1	UniRef50_A0A1P8DAM0	42.021	1128	635	9	21	1138	18	1136	0.0	1007
NC_034397.1_orf:1_1	UniRef50_H8XZP8	60.952	735	286	1	405	1138	1	735	0.0	992
NC_034397.1_orf:1_1	UniRef50_A0A075IFP0	42.870	1115	616	10	26	1137	23	1119	0.0	976
NC_034397.1_orf:1_1	UniRef50_M9QZK8	40.567	1129	661	6	16	1137	8	1133	0.0	975
NC_034396.1_orf:0_1	UniRef50_P19475	71.824	433	117	2	9	436	1	433	0.0	667
NC_034396.1_orf:0_1	UniRef50_Q9QKC8	81.471	340	63	0	9	348	1	340	0.0	605
NC_034396.1_orf:0_1	UniRef50_G1AQJ3	64.985	337	111	2	104	436	2	335	5.95e-162	466
NC_034396.1_orf:0_1	UniRef50_A0A140HRP3	59.403	335	135	1	13	346	1	335	1.60e-144	422
NC_034396.1_orf:0_1	UniRef50_B6RD46	47.674	430	218	3	11	436	10	436	1.96e-137	408
NC_034396.1_orf:0_1	UniRef50_I0J0W7	76.471	221	52	0	9	229	1	221	3.19e-127	374
NC_034396.1_orf:0_1	UniRef50_V5M1C7	60.076	263	104	1	94	355	1	263	2.98e-113	340
NC_034396.1_orf:0_1	UniRef50_D6BK81	81.768	181	33	0	15	195	1	181	2.70e-109	327
NC_034396.1_orf:0_1	UniRef50_A0A0K0L5C1	86.826	167	22	0	9	175	1	167	2.65e-102	308
NC_034396.1_orf:0_1	UniRef50_A0A068EQW6	46.815	314	161	2	53	363	9	319	1.57e-100	310
NC_034396.1_orf:1_1	UniRef50_Q9YP90	68.421	76	24	0	3	78	1	76	2.49e-26	98.6
NC_034396.1_orf:1_1	UniRef50_P0DJX5	57.895	76	32	0	3	78	1	76	1.48e-21	87.0
NC_034396.1_orf:1_1	UniRef50_UPI000232E1D4	65.079	63	22	0	16	78	1	63	2.81e-19	80.5
NC_034396.1_orf:1_1	UniRef50_UPI000232E1D7	58.108	74	31	0	3	76	1	74	1.16e-17	77.4
NC_034391.1_orf:2_1	UniRef50_A0A0A7H8I1	100.000	1627	0	0	10	1636	1	1627	0.0	3364
NC_034391.1_orf:2_1	UniRef50_Q02004	47.702	1436	739	9	195	1623	105	1535	0.0	1390
NC_034391.1_orf:2_1	UniRef50_Q8JSZ3	40.395	1671	868	26	23	1593	1	1643	0.0	1232
NC_034391.1_orf:2_1	UniRef50_Q5DLC4	40.947	1541	841	23	118	1622	174	1681	0.0	1194
NC_034391.1_orf:2_1	UniRef50_A0A221HKX1	44.988	1247	661	13	386	1622	5	1236	0.0	1129
NC_034391.1_orf:2_1	UniRef50_F8RYI7	46.061	1079	562	8	305	1374	41	1108	0.0	1009
NC_034391.1_orf:2_1	UniRef50_A0A0U5AG15	59.078	694	267	5	939	1626	746	1428	0.0	896
NC_034391.1_orf:2_1	UniRef50_A0A0U5AG15	40.134	598	355	3	200	796	45	640	6.37e-139	474
NC_034391.1_orf:2_1	UniRef50_J3S7E1	42.424	792	433	10	833	1615	510	1287	0.0	674
NC_034391.1_orf:2_1	UniRef50_J3S7E1	31.568	472	305	8	316	782	155	613	1.37e-58	231
NC_034391.1_orf:2_1	UniRef50_B8R310	44.615	650	354	2	218	861	6	655	0.0	613
NC_034391.1_orf:2_1	UniRef50_A0A1S5NQD0	40.344	756	429	8	831	1572	594	1341	0.0	607
NC_034391.1_orf:2_1	UniRef50_A0A1S5NQD0	30.258	466	303	9	333	783	242	700	2.24e-49	202
