NC_006312.2_orf:1_1	UniRef50_Q6I7B9	100.000	374	0	0	9	382	1	374	0.0	775
NC_006312.2_orf:1_1	UniRef50_A0A193PQS6	99.587	242	1	0	9	250	1	242	1.80e-176	497
NC_006312.2_orf:1_1	UniRef50_Q8AZU8	96.403	139	5	0	244	382	1	139	4.13e-93	282
NC_006312.2_orf:1_1	UniRef50_Q67394	97.561	123	3	0	18	140	1	123	5.66e-80	248
NC_006312.2_orf:1_1	UniRef50_K9LHF4	38.021	384	225	6	9	380	1	383	2.56e-74	243
NC_006312.2_orf:1_1	UniRef50_I6T2J8	97.143	105	3	0	244	348	1	105	2.93e-67	214
NC_006312.2_orf:1_1	UniRef50_A0A220DM04	43.902	205	115	0	9	213	1	205	2.46e-48	170
NC_006312.2_orf:1_1	UniRef50_A0A223FKP9	94.444	72	4	0	244	315	1	72	1.00e-41	148
NC_006312.2_orf:1_1	UniRef50_A0A220DM07	32.979	188	111	7	206	380	1	186	2.26e-15	81.6
NC_006310.2_orf:0_1	UniRef50_P07975	97.252	655	18	0	8	662	1	655	0.0	1323
NC_006310.2_orf:0_1	UniRef50_T2HQS4	95.522	335	15	0	22	356	1	335	0.0	681
NC_006310.2_orf:0_1	UniRef50_UPI00077DF008	52.941	425	195	4	26	445	3	427	3.42e-157	466
NC_006310.2_orf:0_1	UniRef50_A0A220DLZ3	50.233	215	106	1	223	436	1	215	1.77e-72	240
NC_006310.2_orf:0_1	UniRef50_A0A1X9T5J5	31.494	435	268	16	12	435	1	416	1.64e-59	219
NC_006310.2_orf:0_1	UniRef50_A0A1X9T5G8	27.288	590	356	22	72	616	68	629	3.77e-44	176
NC_006310.2_orf:0_1	UniRef50_P0C0V9	34.615	364	210	12	72	425	31	376	1.74e-40	160
NC_006310.2_orf:0_1	UniRef50_A0A1W5QGI9	45.223	157	83	2	199	352	9	165	5.48e-40	151
NC_006310.2_orf:0_1	UniRef50_A0A0K0KAR3	31.298	262	157	6	70	325	39	283	3.92e-27	119
NC_006310.2_orf:0_1	UniRef50_Q5MQD1	28.325	406	210	17	59	438	16	366	1.08e-24	114
NC_006309.2_orf:0_1	UniRef50_Q9IMP5	99.436	709	4	0	8	716	1	709	0.0	1467
NC_006309.2_orf:0_1	UniRef50_Q68C78	97.581	124	3	0	17	140	1	124	1.11e-78	254
NC_006309.2_orf:0_1	UniRef50_P03433	25.890	730	469	20	22	705	11	714	9.46e-63	230
NC_006309.2_orf:0_1	UniRef50_Q9QLI9	27.426	711	451	19	42	714	35	718	1.59e-62	229
NC_006309.2_orf:0_1	UniRef50_H6QM92	26.483	725	460	21	22	702	11	706	4.59e-60	223
NC_006309.2_orf:0_1	UniRef50_Q67407	96.512	86	3	0	17	102	1	86	5.86e-50	176
NC_006309.2_orf:0_1	UniRef50_A0A0R5Q9J0	26.174	596	392	14	129	702	2	571	2.80e-47	184
NC_006309.2_orf:0_1	UniRef50_A0A0C5A032	25.680	588	371	17	41	588	6	567	2.43e-44	176
NC_006309.2_orf:0_1	UniRef50_Q5UNN3	24.739	574	374	17	22	557	11	564	8.99e-38	157
NC_006309.2_orf:0_1	UniRef50_A0A140EKC8	28.302	371	237	6	338	700	356	705	2.97e-33	145
NC_006309.2_orf:0_1	UniRef50_A0A140EKC8	31.373	153	88	4	42	177	35	187	3.95e-10	72.0
NC_006308.2_orf:2_1	UniRef50_Q9IMP4	99.469	754	4	0	6	759	1	754	0.0	1561
NC_006308.2_orf:2_1	UniRef50_A0A0E4G393	72.437	751	207	0	6	756	1	751	0.0	1157
NC_006308.2_orf:2_1	UniRef50_A0A247Y3F2	71.664	547	155	0	6	552	1	547	0.0	836
NC_006308.2_orf:2_1	UniRef50_P13871	41.678	751	415	11	6	743	1	741	0.0	570
NC_006308.2_orf:2_1	UniRef50_P03431	38.765	761	448	7	6	755	1	754	1.27e-177	534
NC_006308.2_orf:2_1	UniRef50_Q71FU9	39.965	578	334	6	7	578	1	571	5.24e-138	426
NC_006308.2_orf:2_1	UniRef50_A0A140EKJ3	41.720	465	256	5	289	743	282	741	4.40e-113	367
NC_006308.2_orf:2_1	UniRef50_A0A140EKJ3	34.416	154	98	2	6	159	1	151	1.55e-19	102
NC_006308.2_orf:2_1	UniRef50_A8C0B9	38.266	473	279	6	6	472	1	466	2.92e-99	322
NC_006308.2_orf:2_1	UniRef50_G2U144	41.926	353	198	2	409	755	34	385	4.28e-85	282
NC_006308.2_orf:2_1	UniRef50_A0A1L3KKP6	30.411	730	437	18	10	726	6	677	5.04e-83	286
NC_006307.2_orf:0_1	UniRef50_Q9IMP3	99.612	774	3	0	8	781	1	774	0.0	1603
NC_006307.2_orf:0_1	UniRef50_Q8B060	99.359	156	1	0	18	173	1	156	3.30e-107	331
NC_006307.2_orf:0_1	UniRef50_Q9QLL6	25.888	788	538	21	12	780	1	761	5.52e-60	224
NC_006307.2_orf:0_1	UniRef50_U5N4D4	24.041	782	546	17	16	779	5	756	8.42e-55	209
NC_006307.2_orf:0_1	UniRef50_H6QM90	23.620	779	553	16	16	779	5	756	2.72e-54	208
NC_006307.2_orf:0_1	UniRef50_P03427	24.262	779	550	22	16	780	5	757	2.60e-49	194
NC_006307.2_orf:0_1	UniRef50_A0S741	28.606	409	278	8	1	407	1	397	6.03e-40	160
NC_006307.2_orf:0_1	UniRef50_G7WUZ3	24.266	647	457	17	147	780	1	627	7.23e-35	149
NC_006307.2_orf:0_1	UniRef50_U5XFM4	34.818	247	156	4	12	256	1	244	3.33e-32	142
NC_006307.2_orf:0_1	UniRef50_H2KJ02	31.579	247	164	4	17	262	1	243	1.05e-29	126
NC_003500.3_orf:1_1	UniRef50_P11795	56.667	390	163	3	15	400	1	388	9.08e-148	431
NC_003500.3_orf:1_1	UniRef50_Q64IS0	52.446	368	168	5	30	396	13	374	6.16e-125	372
NC_003500.3_orf:1_1	UniRef50_P17456	49.847	327	147	5	79	400	66	380	4.98e-99	306
NC_003500.3_orf:1_1	UniRef50_O12304	47.910	311	154	5	91	400	37	340	2.26e-85	270
NC_003500.3_orf:1_1	UniRef50_A5YVA6	47.703	283	139	3	89	367	24	301	5.20e-78	251
NC_003500.3_orf:1_1	UniRef50_V5LKQ8	47.368	266	129	6	25	280	3	267	1.26e-70	234
NC_003500.3_orf:1_1	UniRef50_Q70P84	43.402	341	175	10	64	393	25	358	2.73e-68	227
NC_003500.3_orf:1_1	UniRef50_Q283N1	42.105	285	136	9	83	343	65	344	1.97e-62	213
NC_003500.3_orf:1_1	UniRef50_P15183	39.077	325	191	7	79	400	60	380	3.94e-61	209
NC_003500.3_orf:1_1	UniRef50_D3U5B8	48.469	196	95	4	89	280	31	224	4.33e-54	189
NC_003500.3_orf:1_2	UniRef50_Q66104	100.000	172	0	0	2	173	1	172	1.45e-125	357
NC_003500.3_orf:1_2	UniRef50_UPI00006833DB	90.977	133	12	0	27	159	4	136	2.37e-89	264
NC_003500.3_orf:2_1	UniRef50_C5J070	59.859	284	97	3	55	338	30	296	1.22e-108	325
NC_003500.3_orf:2_1	UniRef50_P15187	58.278	302	108	3	37	338	13	296	1.50e-100	321
NC_003500.3_orf:2_1	UniRef50_Q0Z8E1	92.381	105	7	1	234	338	1	104	1.37e-60	199
NC_003500.3_orf:2_1	UniRef50_Q9IWA0	32.484	157	77	6	174	324	73	206	1.91e-07	61.2
NC_003500.3_orf:2_1	UniRef50_Q283N2	36.667	120	65	2	205	324	95	203	1.01e-06	57.0
NC_003500.3_orf:2_1	UniRef50_A0A1Z2THT6	43.077	65	37	0	257	321	112	176	3.31e-05	52.4
NC_003500.3_orf:2_1	UniRef50_P27209	44.262	61	34	0	257	317	112	172	1.18e-04	52.8
NC_003500.3_orf:2_1	UniRef50_A0A221HZL3	37.681	69	43	0	255	323	196	264	1.35e-04	52.4
NC_003500.3_orf:2_2	UniRef50_P15187	94.818	521	27	0	1	521	298	818	0.0	1053
NC_003500.3_orf:2_2	UniRef50_Q2ERI7	46.050	519	270	7	1	517	18	528	2.71e-151	450
NC_003500.3_orf:2_2	UniRef50_A0A1Z2THS5	45.585	487	255	4	30	506	3	489	2.17e-147	439
NC_003500.3_orf:2_2	UniRef50_P27209	45.155	516	266	5	1	506	204	712	3.74e-147	446
NC_003500.3_orf:2_2	UniRef50_Q9IWA0	46.050	519	270	7	1	517	224	734	1.66e-145	442
NC_003500.3_orf:2_2	UniRef50_A0A221HZL3	46.641	521	247	11	1	505	282	787	4.00e-143	438
NC_003500.3_orf:2_2	UniRef50_P22958	44.163	514	260	7	1	502	204	702	8.22e-128	396
NC_003500.3_orf:2_2	UniRef50_D5JGI9	45.671	462	233	5	64	514	1	455	3.27e-124	378
NC_003500.3_orf:2_2	UniRef50_A0A1L3KFS5	42.516	461	253	8	44	497	1	456	2.18e-118	363
NC_003500.3_orf:2_2	UniRef50_A0A1L3KH37	44.040	495	260	10	6	493	151	635	4.26e-118	370
NC_003500.3_orf:2_3	UniRef50_P11691	97.884	189	4	0	14	202	1	189	4.66e-134	380
