NC_034490.1_orf:2_1	UniRef50_Q9IBP4	52.042	1445	688	3	6	1450	1	1440	0.0	1588
NC_034490.1_orf:2_1	UniRef50_P04875	52.044	1443	689	3	9	1450	1	1441	0.0	1580
NC_034490.1_orf:2_1	UniRef50_A0A142J8G0	43.942	1436	778	14	4	1427	2	1422	0.0	1253
NC_034490.1_orf:2_1	UniRef50_P04505	43.154	1446	798	9	9	1448	4	1431	0.0	1235
NC_034490.1_orf:2_1	UniRef50_H6U325	41.787	1455	800	11	4	1450	4	1419	0.0	1201
NC_034490.1_orf:2_1	UniRef50_A0A142J8F3	40.305	1444	843	11	9	1450	4	1430	0.0	1181
NC_034490.1_orf:2_1	UniRef50_A0A0R7FK51	40.496	1452	836	10	9	1449	3	1437	0.0	1137
NC_034490.1_orf:2_1	UniRef50_A0A088MG36	39.654	1445	850	12	7	1443	7	1437	0.0	1107
NC_034490.1_orf:2_1	UniRef50_A0A0E3TUJ1	39.286	1456	828	15	6	1450	7	1417	0.0	1099
NC_034490.1_orf:2_1	UniRef50_A0A0R7FK55	39.323	1447	848	15	9	1448	7	1430	0.0	1079
NC_034489.1_orf:1_1	UniRef50_Q8JPR2	51.584	2241	1054	11	18	2233	7	2241	0.0	2375
NC_034489.1_orf:1_1	UniRef50_E5EZ39	51.452	2239	1060	11	18	2233	7	2241	0.0	2364
NC_034489.1_orf:1_1	UniRef50_H2AM11	50.564	2217	1082	9	17	2223	6	2218	0.0	2313
NC_034489.1_orf:1_1	UniRef50_A0A088MSL5	50.624	2244	1076	11	18	2233	7	2246	0.0	2297
NC_034489.1_orf:1_1	UniRef50_U3RF03	47.898	2236	1137	19	13	2236	1	2220	0.0	2145
NC_034489.1_orf:1_1	UniRef50_A0A0E3TUA1	48.449	2225	1093	19	18	2222	7	2197	0.0	2127
NC_034489.1_orf:1_1	UniRef50_A0A0R7FK50	46.512	2236	1176	15	18	2245	7	2230	0.0	2074
NC_034489.1_orf:1_1	UniRef50_G4Y818	54.447	1754	783	9	32	1779	7	1750	0.0	1946
NC_034489.1_orf:1_1	UniRef50_A0A088NCM7	44.606	2206	1188	17	17	2215	6	2184	0.0	1880
NC_034489.1_orf:1_1	UniRef50_A0A0H4LIW4	57.448	1497	617	5	266	1742	1	1497	0.0	1791
NC_034488.1_orf:1_1	UniRef50_W8CZV3	64.993	1434	491	3	6	1433	1	1429	0.0	2017
NC_034488.1_orf:1_1	UniRef50_S5WLZ1	51.194	1424	684	7	15	1430	12	1432	0.0	1597
NC_034488.1_orf:1_1	UniRef50_A0A0R7FK92	35.274	1443	879	25	6	1419	4	1420	0.0	895
NC_034488.1_orf:1_1	UniRef50_A0A142J8F3	35.076	1454	872	31	7	1422	1	1420	0.0	895
NC_034488.1_orf:1_1	UniRef50_P04505	34.962	1453	888	25	6	1428	4	1429	0.0	887
NC_034488.1_orf:1_1	UniRef50_A0A142J8G0	34.762	1447	869	25	10	1409	4	1422	0.0	887
NC_034488.1_orf:1_1	UniRef50_Q9IBP4	33.675	1464	898	25	9	1428	2	1436	0.0	877
NC_034488.1_orf:1_1	UniRef50_A0A0E3TUJ1	34.066	1456	878	29	6	1428	7	1413	0.0	873
NC_034488.1_orf:1_1	UniRef50_A0A088MG36	33.632	1451	901	20	20	1433	20	1445	0.0	863
NC_034488.1_orf:1_1	UniRef50_H6U325	33.426	1445	910	23	6	1428	1	1415	0.0	862
NC_034483.1_orf:1_1	UniRef50_A0A142K3K3	99.149	235	2	0	3	237	1	235	4.80e-173	482
NC_034483.1_orf:1_1	UniRef50_W8CZV1	48.485	231	119	0	6	236	3	233	7.99e-65	208
NC_034483.1_orf:1_1	UniRef50_A0A088MG55	48.198	222	113	1	17	236	11	232	1.81e-62	202
NC_034483.1_orf:1_1	UniRef50_P16495	46.606	221	116	1	17	235	11	231	6.96e-62	200
NC_034483.1_orf:1_1	UniRef50_Q82984	44.915	236	123	2	3	235	1	232	1.35e-61	200
NC_034483.1_orf:1_1	UniRef50_A0A162HUM4	46.121	232	122	2	6	235	1	231	7.87e-61	197
NC_034483.1_orf:1_1	UniRef50_Q98750	45.946	222	117	1	17	235	11	232	1.08e-60	197
NC_034483.1_orf:1_1	UniRef50_P04873	46.396	222	116	1	17	235	11	232	1.93e-60	197
NC_034483.1_orf:1_1	UniRef50_Q6KC67	43.404	235	127	3	3	235	1	231	8.82e-57	187
NC_034483.1_orf:1_1	UniRef50_P16993	44.186	215	118	1	23	235	17	231	1.95e-55	184
NC_034482.1_orf:2_1	UniRef50_E5EZ39	51.237	2264	1074	13	20	2261	7	2262	0.0	2360
NC_034482.1_orf:2_1	UniRef50_Q8JPR2	51.510	2252	1061	13	20	2247	7	2251	0.0	2359
NC_034482.1_orf:2_1	UniRef50_H2AM11	49.932	2217	1096	9	22	2230	9	2219	0.0	2266
NC_034482.1_orf:2_1	UniRef50_A0A088MSL5	50.022	2245	1092	11	20	2239	7	2246	0.0	2264
NC_034482.1_orf:2_1	UniRef50_U3RF03	47.897	2259	1138	23	19	2261	5	2240	0.0	2116
NC_034482.1_orf:2_1	UniRef50_A0A0E3TUA1	47.562	2256	1137	21	16	2255	3	2228	0.0	2083
NC_034482.1_orf:2_1	UniRef50_A0A0R7FK50	45.994	2259	1184	19	16	2261	3	2238	0.0	2022
NC_034482.1_orf:2_1	UniRef50_G4Y818	53.401	1764	797	9	28	1781	1	1749	0.0	1922
NC_034482.1_orf:2_1	UniRef50_A0A088NCM7	43.476	2215	1204	21	19	2221	6	2184	0.0	1843
NC_034482.1_orf:2_1	UniRef50_A0A0H4LIW4	56.981	1497	625	4	268	1745	1	1497	0.0	1772
NC_034482.1_orf:5_2	UniRef50_Q83000	46.032	63	34	0	2	64	13	75	4.33e-05	45.4
NC_034482.1_orf:5_6	UniRef50_Q82999	43.000	200	109	4	1	197	13	210	2.63e-25	105
NC_034481.1_orf:0_1	UniRef50_A0A088MG55	69.528	233	71	0	1	233	1	233	4.33e-122	353
NC_034481.1_orf:0_1	UniRef50_Q82984	59.914	232	92	1	1	231	1	232	6.93e-100	297
NC_034481.1_orf:0_1	UniRef50_Q98750	62.500	232	86	1	1	231	1	232	2.63e-99	295
NC_034481.1_orf:0_1	UniRef50_P04873	59.914	232	92	1	1	231	1	232	1.31e-98	293
NC_034481.1_orf:0_1	UniRef50_Q6KC67	51.073	233	114	0	1	233	1	233	2.21e-83	255
NC_034481.1_orf:0_1	UniRef50_A0A162HUM4	49.785	233	117	0	1	233	1	233	9.05e-82	251
NC_034481.1_orf:0_1	UniRef50_P16495	47.186	231	122	0	1	231	1	231	3.33e-74	231
NC_034481.1_orf:0_1	UniRef50_P16993	46.320	231	124	0	1	231	1	231	1.15e-71	225
NC_034481.1_orf:0_1	UniRef50_O57283	46.552	232	123	1	2	233	3	233	9.27e-69	218
NC_034481.1_orf:0_1	UniRef50_P12414	46.552	232	123	1	2	233	3	233	1.68e-67	214
NC_034481.1_orf:1_1	UniRef50_A0A0M4IVN6	53.261	92	43	0	11	102	1	92	8.41e-19	81.3
NC_034481.1_orf:1_1	UniRef50_P04874	51.136	88	43	0	11	98	1	88	7.38e-18	79.0
NC_034481.1_orf:1_1	UniRef50_A0A0B5KU65	48.611	72	37	0	21	92	10	81	1.22e-12	65.1
NC_034481.1_orf:1_1	UniRef50_D3K4P5	52.381	63	30	0	40	102	1	63	6.08e-10	57.8
NC_034481.1_orf:1_1	UniRef50_A0A0E3TUI9	45.946	74	40	0	25	98	14	87	9.30e-08	52.8
NC_034480.1_orf:0_1	UniRef50_Q82984	68.803	234	72	1	15	247	1	234	6.84e-116	338
NC_034480.1_orf:0_1	UniRef50_P04873	67.094	234	76	1	15	247	1	234	5.32e-113	330
NC_034480.1_orf:0_1	UniRef50_Q98750	66.667	234	77	1	15	247	1	234	1.23e-111	327
NC_034480.1_orf:0_1	UniRef50_A0A088MG55	61.373	233	90	0	15	247	1	233	3.85e-102	303
NC_034480.1_orf:0_1	UniRef50_Q6KC67	48.927	233	119	0	15	247	1	233	1.58e-77	241
NC_034480.1_orf:0_1	UniRef50_A0A162HUM4	48.485	231	119	0	15	245	1	231	5.34e-76	237
NC_034480.1_orf:0_1	UniRef50_P16495	46.352	233	125	0	15	247	1	233	9.15e-73	228
NC_034480.1_orf:0_1	UniRef50_P16993	46.781	233	124	0	15	247	1	233	3.82e-72	227
NC_034480.1_orf:0_1	UniRef50_O57283	46.983	232	122	1	14	245	1	231	1.89e-71	225
NC_034480.1_orf:0_1	UniRef50_H2AM13	47.391	230	120	1	16	245	3	231	1.68e-68	218
NC_034480.1_orf:1_1	UniRef50_P04874	57.609	92	39	0	3	94	1	92	5.83e-26	99.0
NC_034480.1_orf:1_1	UniRef50_A0A0M4IVN6	54.348	92	42	0	3	94	1	92	2.34e-22	89.7
NC_034480.1_orf:1_1	UniRef50_D3K4P5	68.333	60	19	0	35	94	4	63	6.19e-19	80.5
NC_034480.1_orf:1_1	UniRef50_A0A142J8F5	41.304	92	54	0	2	93	5	96	3.40e-08	54.7
NC_034480.1_orf:1_1	UniRef50_A0A0B5KU65	39.683	63	38	0	17	79	14	76	1.20e-05	47.0
NC_034479.1_orf:0_1	UniRef50_Q8JPR2	63.681	2255	818	1	24	2277	8	2262	0.0	3075
NC_034479.1_orf:0_1	UniRef50_E5EZ39	63.814	2255	815	1	24	2277	8	2262	0.0	3074
NC_034479.1_orf:0_1	UniRef50_A0A088MSL5	54.222	2274	1023	12	17	2278	1	2268	0.0	2577
NC_034479.1_orf:0_1	UniRef50_A0A0R7FK50	50.199	2265	1099	8	17	2277	1	2240	0.0	2306
NC_034479.1_orf:0_1	UniRef50_H2AM11	49.183	2263	1122	11	25	2277	9	2253	0.0	2285
NC_034479.1_orf:0_1	UniRef50_U3RF03	49.865	2224	1086	13	28	2249	11	2207	0.0	2271
NC_034479.1_orf:0_1	UniRef50_A0A0E3TUA1	50.000	2248	1072	15	17	2254	1	2206	0.0	2237
NC_034479.1_orf:0_1	UniRef50_A0A0H4LIW4	66.867	1497	495	1	271	1766	1	1497	0.0	2126
NC_034479.1_orf:0_1	UniRef50_G4Y818	55.975	1774	754	5	32	1803	2	1750	0.0	2070
NC_034479.1_orf:0_1	UniRef50_A0A088NCM7	44.253	2262	1206	10	17	2278	1	2207	0.0	1947
NC_034479.1_orf:5_6	UniRef50_Q83000	74.576	59	15	0	57	115	10	68	6.46e-19	83.6
NC_034478.1_orf:1_1	UniRef50_W8CZV1	100.000	235	0	0	3	237	1	235	2.86e-175	488
NC_034478.1_orf:1_1	UniRef50_A0A0U2IVZ1	87.709	179	22	0	59	237	1	179	6.05e-116	335
NC_034478.1_orf:1_1	UniRef50_A0A088MG55	46.460	226	119	1	13	236	8	233	4.38e-66	211
NC_034478.1_orf:1_1	UniRef50_Q82984	46.606	221	115	1	19	236	14	234	2.60e-65	209
NC_034478.1_orf:1_1	UniRef50_A0A142K3K3	48.485	231	119	0	5	235	4	234	4.16e-65	209
NC_034478.1_orf:1_1	UniRef50_Q98750	47.059	221	114	1	19	236	14	234	6.05e-64	206
NC_034478.1_orf:1_1	UniRef50_P04873	44.344	221	120	1	19	236	14	234	8.53e-62	200
NC_034478.1_orf:1_1	UniRef50_P16495	43.805	226	125	1	13	236	8	233	2.33e-61	199
NC_034478.1_orf:1_1	UniRef50_P16993	40.909	220	128	1	19	236	14	233	3.43e-56	186
NC_034478.1_orf:1_1	UniRef50_A0A097C050	41.150	226	132	1	12	236	9	234	4.12e-56	186
NC_034478.1_orf:2_1	UniRef50_A0A0H3VFU2	82.653	98	17	0	1	98	8	105	7.17e-49	157
NC_034478.1_orf:2_1	UniRef50_W8CZ95	95.181	83	4	0	16	98	1	83	5.18e-48	154
NC_034478.1_orf:2_1	UniRef50_A0A0H3VH48	47.674	86	45	0	1	86	8	93	6.16e-11	61.2
NC_034478.1_orf:2_1	UniRef50_A0A142K3J9	36.170	94	60	0	1	94	8	101	1.20e-06	50.8
