NC_035458.1_orf:1_2	UniRef50_A0A173G8Y3	44.068	59	33	0	12	70	1	59	2.64e-12	63.2
NC_035458.1_orf:1_2	UniRef50_A0A146BF29	39.130	69	42	0	12	80	1	69	7.21e-12	62.4
NC_035458.1_orf:1_2	UniRef50_P0CJ98	44.928	69	38	0	12	80	1157	1225	1.09e-09	61.2
NC_035458.1_orf:1_2	UniRef50_A0A172ZPV8	32.727	55	37	0	13	67	1	55	4.17e-04	42.4
NC_035458.1_orf:2_1	UniRef50_Q01901	60.663	3348	1244	14	6	3285	1	3343	0.0	4255
NC_035458.1_orf:2_1	UniRef50_B2Y6H0	62.915	3074	1090	16	239	3286	125	3174	0.0	4002
NC_035458.1_orf:2_1	UniRef50_P13529	50.756	2975	1378	19	389	3285	174	3139	0.0	2994
NC_035458.1_orf:2_1	UniRef50_M4ZRS9	49.763	2948	1419	22	387	3285	226	3160	0.0	2947
NC_035458.1_orf:2_1	UniRef50_P89509	49.848	2963	1396	23	387	3285	226	3162	0.0	2930
NC_035458.1_orf:2_1	UniRef50_E7CQR7	48.819	3048	1470	32	298	3285	165	3182	0.0	2923
NC_035458.1_orf:2_1	UniRef50_A0A0U3QM12	51.003	2890	1375	20	421	3285	198	3071	0.0	2917
NC_035458.1_orf:2_1	UniRef50_V9HWZ1	48.426	3017	1493	22	311	3284	97	3093	0.0	2891
NC_035458.1_orf:2_1	UniRef50_A0A0K1LYF0	48.872	3014	1459	30	326	3285	186	3171	0.0	2877
NC_035458.1_orf:2_1	UniRef50_Q7T7N5	47.331	3091	1506	27	277	3285	217	3267	0.0	2874
NC_035456.1_orf:1_1	UniRef50_A0A220QTH0	100.000	269	0	0	4	272	1	269	0.0	528
NC_035456.1_orf:1_1	UniRef50_A0A220QTH2	35.231	281	152	8	4	272	1	263	1.35e-36	138
NC_035456.1_orf:1_1	UniRef50_A0A220QTF8	33.333	180	109	3	103	271	123	302	1.48e-15	82.8
NC_035456.1_orf:1_1	UniRef50_A0A220QTF3	33.562	146	92	2	127	267	150	295	1.43e-10	68.6
NC_035456.1_orf:1_1	UniRef50_A0A220QTH5	29.066	289	172	11	4	271	1	277	5.49e-09	63.9
NC_035456.1_orf:1_2	UniRef50_A0A220QTI7	100.000	487	0	0	3	489	1	487	0.0	998
NC_035456.1_orf:1_2	UniRef50_A0A220QTG8	48.501	367	177	4	9	366	6	369	2.62e-114	349
NC_035456.1_orf:1_2	UniRef50_A0A1L3KKP3	44.355	372	189	7	5	367	2	364	8.53e-94	298
NC_035456.1_orf:1_2	UniRef50_A0A220QTE9	43.258	356	197	4	5	359	2	353	8.99e-89	285
NC_035456.1_orf:1_2	UniRef50_A0A220QTG0	38.084	428	242	8	3	407	1	428	4.86e-87	283
NC_035456.1_orf:2_1	UniRef50_A0A220QTF9	100.000	254	0	0	3	256	1	254	0.0	522
NC_035456.1_orf:2_1	UniRef50_A0A1L3KKP7	37.786	262	137	6	16	254	14	272	1.46e-47	166
NC_035456.1_orf:2_1	UniRef50_A0A220QTE5	40.304	263	129	7	16	254	29	287	9.88e-47	164
NC_035456.1_orf:2_1	UniRef50_A0A220QTH8	42.537	268	123	9	16	256	14	277	2.02e-46	163
NC_035456.1_orf:2_2	UniRef50_A0A220QTF7	100.000	85	0	0	1	85	1	85	5.72e-53	166
NC_035456.1_orf:2_3	UniRef50_A0A220QTH3	100.000	270	0	0	50	319	1	270	0.0	566
NC_035456.1_orf:2_3	UniRef50_A0A220QTH4	51.793	251	118	3	57	307	1	248	1.03e-83	260
NC_035456.1_orf:2_3	UniRef50_A0A220QTF4	38.519	270	143	6	53	308	3	263	7.58e-44	158
NC_035456.1_orf:2_3	UniRef50_A0A220QTG4	37.647	255	144	6	53	299	3	250	2.93e-41	151
NC_035456.1_orf:2_3	UniRef50_H9XTK7	28.037	107	75	1	82	188	1	105	2.56e-11	67.8
