NC_012532.1_orf:1_1	UniRef50_Q32ZE1	100.000	3419	0	0	36	3454	1	3419	0.0	7055
NC_012532.1_orf:1_1	UniRef50_Q32ZD4	57.752	3425	1419	18	47	3454	12	3425	0.0	4113
NC_012532.1_orf:1_1	UniRef50_P06935	57.552	3423	1412	22	47	3443	12	3419	0.0	4068
NC_012532.1_orf:1_1	UniRef50_G1CRV4	56.305	3426	1466	17	47	3454	13	3425	0.0	3998
NC_012532.1_orf:1_1	UniRef50_P17763	55.507	3423	1472	29	36	3446	1	3384	0.0	3975
NC_012532.1_orf:1_1	UniRef50_C8XPA9	46.938	3364	1720	38	104	3443	57	3379	0.0	3194
NC_012532.1_orf:1_1	UniRef50_C5H431	47.908	3394	1715	30	79	3452	41	3401	0.0	3183
NC_012532.1_orf:1_1	UniRef50_P03314	46.739	3419	1765	33	49	3443	13	3399	0.0	3179
NC_012532.1_orf:1_1	UniRef50_A0A0A7AB07	53.764	2816	1265	22	49	2859	13	2796	0.0	3085
NC_012532.1_orf:1_1	UniRef50_A0A0A7AB07	59.524	84	33	1	3366	3449	3303	3385	3.13e-21	112
NC_012532.1_orf:1_1	UniRef50_A0A1P8D4A2	89.868	1668	165	1	62	1725	1	1668	0.0	3061
NC_012532.1_orf:1_1	UniRef50_A0A1P8D4A2	85.618	591	85	0	2864	3454	2807	3397	0.0	1061
NC_012532.1_orf:1_1	UniRef50_A0A1P8D4A2	81.779	461	84	0	2008	2468	1951	2411	0.0	730
NC_012532.1_orf:1_1	UniRef50_A0A1P8D4A2	94.792	96	5	0	2572	2667	2515	2610	1.62e-46	196
NC_012532.1_orf:1_1	UniRef50_A0A1P8D4A2	98.824	85	1	0	1820	1904	1763	1847	4.51e-42	181
