NC_011515.1_orf:0_1	UniRef50_B6UQC5	100.000	549	0	0	31	579	322	870	0.0	1148
NC_011515.1_orf:0_1	UniRef50_Q8V3U5	62.023	524	183	6	31	539	314	836	0.0	672
NC_011515.1_orf:0_1	UniRef50_G1C112	60.360	555	205	7	22	570	292	837	0.0	668
NC_011515.1_orf:0_1	UniRef50_Q67683	62.955	494	180	3	31	521	285	778	0.0	659
NC_011515.1_orf:0_1	UniRef50_Q6EWP0	62.156	473	164	5	82	539	1	473	0.0	612
NC_011515.1_orf:0_1	UniRef50_Q9DX77	62.171	304	112	3	220	521	1	303	8.33e-140	416
NC_011515.1_orf:0_1	UniRef50_P22958	42.770	491	265	9	39	516	209	696	1.48e-124	390
NC_011515.1_orf:0_1	UniRef50_D5JGI9	42.890	436	235	7	94	516	3	437	3.94e-119	367
NC_011515.1_orf:0_1	UniRef50_Q5JZX9	69.295	241	73	1	82	321	1	241	1.95e-117	355
NC_011515.1_orf:0_1	UniRef50_Q9IRA2	40.335	538	295	12	3	523	213	741	2.79e-116	373
NC_011515.1_orf:0_2	UniRef50_B6UQC6	100.000	265	0	0	30	294	1	265	0.0	536
NC_011515.1_orf:0_2	UniRef50_Q66128	34.375	256	165	2	29	284	2	254	2.11e-29	119
NC_011515.1_orf:1_1	UniRef50_A0A1L6UUR7	100.000	323	0	0	8	330	1	323	0.0	662
NC_011515.1_orf:1_1	UniRef50_B6UQC5	100.000	322	0	0	8	329	1	322	0.0	660
NC_011515.1_orf:1_1	UniRef50_Q66126	36.723	354	176	8	11	329	1	341	9.66e-50	176
NC_011515.1_orf:1_1	UniRef50_A0A1L3KFQ6	31.454	337	187	12	11	329	3	313	4.62e-26	113
NC_011515.1_orf:1_1	UniRef50_Q5JZY1	28.691	359	176	11	8	330	1	315	3.50e-25	110
NC_011515.1_orf:1_1	UniRef50_Q8V3U5	29.096	354	179	11	8	329	1	314	5.47e-24	110
NC_011515.1_orf:1_1	UniRef50_Q67683	54.762	84	37	1	247	329	202	285	3.31e-21	102
NC_011515.1_orf:1_1	UniRef50_Q67683	35.821	67	43	0	8	74	1	67	1.49e-04	52.4
NC_011515.1_orf:1_1	UniRef50_Q84693	27.139	339	192	11	8	329	1	301	2.17e-18	91.7
NC_011515.1_orf:1_1	UniRef50_A0A1U8YLV1	40.769	130	65	4	204	330	200	320	1.15e-17	90.1
NC_011515.1_orf:1_1	UniRef50_A0A059UMF5	52.500	80	37	1	251	329	42	121	1.53e-17	85.1
NC_011515.1_orf:1_3	UniRef50_Q66129	61.181	237	90	1	9	245	6	240	2.21e-101	303
NC_011515.1_orf:1_3	UniRef50_Q67685	43.578	218	121	1	9	226	8	223	7.51e-57	190
NC_011515.1_orf:1_3	UniRef50_A0A059UED0	47.590	166	85	1	9	174	8	171	2.15e-46	160
NC_011515.1_orf:1_3	UniRef50_A0A1U8YLV2	39.024	205	114	3	9	209	8	205	2.73e-38	142
NC_011515.1_orf:1_3	UniRef50_C7T4Z6	31.754	211	138	3	15	221	13	221	1.51e-22	102
NC_011515.1_orf:1_3	UniRef50_P20180	26.230	183	126	5	15	190	30	210	2.88e-09	65.1
NC_011515.1_orf:1_3	UniRef50_Q00271	23.423	222	164	5	2	220	9	227	2.60e-06	56.2
NC_011515.1_orf:1_3	UniRef50_A0A286KYG9	24.339	189	133	6	2	185	9	192	1.19e-05	53.5
NC_011515.1_orf:1_3	UniRef50_P03603	25.792	221	139	9	1	204	14	226	3.58e-05	52.8
NC_011515.1_orf:1_3	UniRef50_A0A0F7KH13	32.407	108	67	3	81	187	72	174	1.06e-04	50.8
NC_029900.1_orf:0_3	UniRef50_P22960	72.603	73	19	1	2	74	1	72	3.43e-27	100
NC_029900.1_orf:0_3	UniRef50_D3U5B6	66.667	48	16	0	27	74	59	106	1.90e-12	64.3
NC_029900.1_orf:0_3	UniRef50_O12302	53.731	67	30	1	9	74	3	69	1.94e-11	60.8
NC_029900.1_orf:0_4	UniRef50_P27210	76.667	270	58	2	35	301	1	268	4.65e-153	436
NC_029900.1_orf:0_4	UniRef50_P22959	50.190	263	119	3	49	301	16	276	5.19e-85	263
NC_029900.1_orf:0_4	UniRef50_Q83942	47.137	227	119	1	75	301	45	270	3.89e-62	204
NC_029900.1_orf:0_4	UniRef50_Q8B5R5	42.308	234	126	5	74	300	1	232	2.33e-44	158
NC_029900.1_orf:0_4	UniRef50_A2THC8	61.538	104	40	0	198	301	1	104	7.42e-41	144
NC_029900.1_orf:0_4	UniRef50_Q9E350	36.111	216	133	4	88	300	43	256	2.04e-33	130
NC_029900.1_orf:0_4	UniRef50_A0A0H4CRY5	33.621	232	145	6	76	300	32	261	4.76e-30	121
NC_029900.1_orf:0_4	UniRef50_A0A1P7XK56	35.111	225	132	7	79	300	35	248	5.78e-29	119
NC_029900.1_orf:0_4	UniRef50_J7GE58	32.669	251	149	8	60	301	39	278	3.53e-28	117
NC_029900.1_orf:0_4	UniRef50_Q5NDM8	30.942	223	145	5	86	300	48	269	1.71e-24	107
NC_029900.1_orf:2_1	UniRef50_A0A172ML45	82.673	202	35	0	6	207	1	202	3.33e-124	356
NC_029900.1_orf:2_1	UniRef50_P22958	80.198	202	40	0	6	207	1	202	2.80e-115	351
NC_029900.1_orf:2_1	UniRef50_P89034	32.639	144	78	4	56	184	246	385	5.67e-10	66.2
NC_029900.1_orf:2_1	UniRef50_P17460	33.571	140	71	6	38	176	82	200	3.40e-09	63.9
NC_029900.1_orf:2_1	UniRef50_Q83424	31.061	132	76	4	41	171	98	215	1.45e-07	59.3
NC_029900.1_orf:2_1	UniRef50_A0A1L3KGG1	30.303	132	77	4	41	171	98	215	4.42e-07	57.0
NC_029900.1_orf:2_1	UniRef50_G1EN96	33.019	106	69	2	92	195	100	205	1.99e-06	55.8
NC_029900.1_orf:2_1	UniRef50_F1BA29	31.356	118	79	2	79	194	102	219	5.02e-06	54.7
NC_029900.1_orf:2_1	UniRef50_A2TJS8	30.909	110	74	2	85	192	109	218	6.71e-06	53.5
NC_029900.1_orf:2_1	UniRef50_B7U995	35.354	99	56	2	80	170	75	173	1.05e-05	53.9
NC_029900.1_orf:2_2	UniRef50_P22958	88.484	521	60	0	1	521	204	724	0.0	981
NC_029900.1_orf:2_2	UniRef50_D5JGI9	86.882	465	61	0	57	521	1	465	0.0	862
NC_029900.1_orf:2_2	UniRef50_Q83424	48.406	502	254	3	1	498	270	770	2.16e-160	482
NC_029900.1_orf:2_2	UniRef50_A0A1L3KG07	47.908	478	244	3	25	498	5	481	1.94e-152	452
NC_029900.1_orf:2_2	UniRef50_B7U995	44.779	498	267	5	1	494	229	722	1.15e-146	446
NC_029900.1_orf:2_2	UniRef50_P89034	46.422	517	256	6	1	501	427	938	1.24e-145	450
NC_029900.1_orf:2_2	UniRef50_P17460	44.862	506	262	6	1	497	252	749	1.09e-143	439
NC_029900.1_orf:2_2	UniRef50_A2TJS9	44.289	499	269	5	8	500	8	503	3.15e-143	429
NC_029900.1_orf:2_2	UniRef50_P11640	45.875	497	265	4	1	494	440	935	7.01e-141	437
NC_029900.1_orf:2_2	UniRef50_A0A1B2ARY9	42.967	519	280	7	1	510	259	770	1.18e-139	428
NC_029900.1_orf:2_3	UniRef50_P22961	94.643	56	3	0	14	69	1	56	2.18e-25	95.5
NC_016141.1_orf:1_1	UniRef50_G8DPJ7	100.000	2645	0	0	19	2663	1	2645	0.0	5474
NC_016141.1_orf:1_1	UniRef50_Q1KZ59	31.188	2626	1569	55	88	2660	69	2509	0.0	1129
NC_016141.1_orf:1_1	UniRef50_E0YUA6	54.342	357	153	3	2232	2583	1	352	3.67e-115	378
NC_016141.1_orf:1_1	UniRef50_A0A1L3KJH0	30.300	967	567	24	1689	2645	1353	2222	1.41e-103	382
NC_016141.1_orf:1_1	UniRef50_A0A1L3KJH0	27.064	436	260	15	175	589	106	504	2.29e-17	99.0
NC_016141.1_orf:1_1	UniRef50_M1F391	30.201	1043	607	29	1678	2655	1343	2329	1.27e-101	375
NC_016141.1_orf:1_1	UniRef50_M1F391	23.605	699	449	25	145	815	68	709	1.25e-33	152
NC_016141.1_orf:1_1	UniRef50_A0A1L3KK44	29.101	1079	596	37	1678	2655	1693	2703	3.13e-96	358
NC_016141.1_orf:1_1	UniRef50_A0A1L3KK44	23.559	399	254	14	215	589	165	536	2.57e-12	82.4
NC_016141.1_orf:1_1	UniRef50_A0A1U7EJ13	28.660	963	593	25	1687	2618	1400	2299	4.27e-93	348
NC_016141.1_orf:1_1	UniRef50_A0A1U7EJ13	21.739	759	516	26	80	815	9	712	4.77e-16	94.7
NC_016141.1_orf:1_1	UniRef50_A0A1L3KK27	28.378	1036	605	28	1683	2652	1312	2276	7.19e-92	343
NC_016141.1_orf:1_1	UniRef50_A0A1L3KK27	22.820	688	456	21	149	815	61	694	1.79e-23	119
NC_016141.1_orf:1_1	UniRef50_A0A1L3KKG1	28.008	1039	591	29	1690	2650	1400	2359	5.12e-87	328
NC_016141.1_orf:1_1	UniRef50_A0A1L3KKG1	25.359	418	285	10	145	552	59	459	3.09e-19	105
NC_016141.1_orf:1_1	UniRef50_A0A0H5ATG1	36.240	516	303	7	2109	2618	159	654	1.56e-86	308
