NC_036587.1_orf:0_1	UniRef50_P20951	70.672	1548	444	4	4	1542	1	1547	0.0	2293
NC_036587.1_orf:0_1	UniRef50_A0A173G3F2	48.955	1579	733	17	4	1534	1	1554	0.0	1477
NC_036587.1_orf:0_1	UniRef50_Q0Z8V5	41.388	1556	806	25	4	1498	1	1511	0.0	1137
NC_036587.1_orf:0_1	UniRef50_E0D4K0	80.923	650	124	0	893	1542	1	650	0.0	1102
NC_036587.1_orf:0_1	UniRef50_UPI0000167E42	52.601	1038	478	6	502	1534	642	1670	0.0	1090
NC_036587.1_orf:0_1	UniRef50_UPI0000167E42	47.189	498	232	6	4	478	1	490	3.81e-132	457
NC_036587.1_orf:0_1	UniRef50_P17779	56.974	846	352	7	699	1535	614	1456	0.0	970
NC_036587.1_orf:0_1	UniRef50_P17779	43.224	428	227	3	4	418	1	425	1.20e-101	366
NC_036587.1_orf:0_1	UniRef50_A0A1W5R2W3	55.811	869	373	5	663	1527	588	1449	0.0	957
NC_036587.1_orf:0_1	UniRef50_A0A1W5R2W3	45.509	501	255	8	4	498	1	489	1.45e-112	398
NC_036587.1_orf:0_1	UniRef50_G3LHV4	55.396	834	365	4	703	1532	669	1499	0.0	949
NC_036587.1_orf:0_1	UniRef50_G3LHV4	53.444	421	183	3	4	418	1	414	1.26e-134	462
NC_036587.1_orf:0_1	UniRef50_Q8BF56	52.234	940	413	8	626	1533	425	1360	0.0	947
NC_036587.1_orf:0_1	UniRef50_Q8BF56	52.899	414	186	4	4	416	1	406	1.22e-130	448
NC_036587.1_orf:0_1	UniRef50_C0L9E1	56.683	838	348	5	704	1533	871	1701	0.0	943
NC_036587.1_orf:0_1	UniRef50_C0L9E1	52.812	409	183	4	4	411	1	400	1.02e-125	439
NC_036587.1_orf:0_1	UniRef50_C0L9E1	33.333	150	77	6	542	682	629	764	1.66e-08	68.9
NC_036587.1_orf:0_3	UniRef50_A0A1B1V3J5	41.176	68	39	1	5	72	1	67	6.66e-06	46.6
NC_036587.1_orf:0_3	UniRef50_A0A125SVE5	41.270	63	32	3	10	72	6	63	1.02e-04	43.5
NC_036587.1_orf:0_4	UniRef50_P16596	73.934	211	55	0	14	224	5	215	4.18e-113	329
NC_036587.1_orf:0_4	UniRef50_G3LHV8	51.208	207	99	2	19	224	16	221	6.42e-66	209
NC_036587.1_orf:0_4	UniRef50_A0A173G3G4	46.190	210	110	3	16	224	22	229	2.83e-55	183
NC_036587.1_orf:0_4	UniRef50_Q07506	45.729	199	106	2	26	223	8	205	3.57e-53	177
NC_036587.1_orf:0_4	UniRef50_P16486	44.444	207	111	3	15	219	2	206	3.38e-50	169
NC_036587.1_orf:0_4	UniRef50_Q5MAQ5	52.229	157	73	2	69	224	1	156	1.29e-49	166
NC_036587.1_orf:0_4	UniRef50_C0L9E5	40.187	214	126	2	12	224	12	224	1.71e-45	158
NC_036587.1_orf:0_4	UniRef50_Q6Y593	41.000	200	114	3	26	224	21	217	8.22e-44	153
NC_036587.1_orf:0_4	UniRef50_A0A096XMC1	39.062	192	113	4	34	224	26	214	2.73e-42	149
NC_036587.1_orf:0_4	UniRef50_Q2V0R6	40.500	200	107	6	28	221	26	219	5.58e-40	144
NC_036587.1_orf:1_5	UniRef50_Q2TJB0	62.882	229	85	0	7	235	1	229	6.54e-98	291
NC_036587.1_orf:1_5	UniRef50_P20952	57.456	228	96	1	7	233	1	228	1.70e-87	265
NC_036587.1_orf:1_5	UniRef50_E0D4K1	53.097	226	106	0	7	232	1	226	2.12e-76	237
NC_036587.1_orf:1_5	UniRef50_Q91ND6	50.000	222	111	0	7	228	1	222	4.55e-72	226
NC_036587.1_orf:1_5	UniRef50_Q07517	50.000	224	110	2	7	228	1	224	1.91e-66	212
NC_036587.1_orf:1_5	UniRef50_C0L9E2	49.339	227	114	1	7	232	1	227	7.04e-66	210
NC_036587.1_orf:1_5	UniRef50_U3PLL1	46.875	224	117	2	7	228	1	224	1.45e-63	204
NC_036587.1_orf:1_5	UniRef50_Q6Y596	46.977	215	112	2	15	228	11	224	2.20e-54	181
NC_036587.1_orf:1_5	UniRef50_A0A140KFW3	42.723	213	95	1	7	192	1	213	1.57e-52	176
NC_036587.1_orf:1_5	UniRef50_O37175	41.453	234	129	3	8	233	3	236	1.17e-50	172
NC_036587.1_orf:2_3	UniRef50_Q52Z68	56.881	109	45	2	8	115	1	108	1.29e-29	109
NC_036587.1_orf:2_3	UniRef50_P20953	54.455	101	46	0	8	108	1	101	1.84e-27	104
NC_036587.1_orf:2_3	UniRef50_J7GU58	47.170	106	47	2	14	113	2	104	3.18e-21	88.6
NC_036587.1_orf:2_3	UniRef50_A0A1C8CHT8	50.000	90	43	1	8	97	1	88	4.70e-19	83.2
NC_036587.1_orf:2_3	UniRef50_Q913Z7	46.078	102	52	2	15	115	3	102	6.72e-19	82.4
NC_036587.1_orf:2_3	UniRef50_A0A1C8CI06	47.778	90	45	1	8	97	1	88	1.26e-18	82.0
NC_036587.1_orf:2_3	UniRef50_B0FXP7	46.739	92	48	1	15	106	3	93	3.71e-17	78.2
NC_036587.1_orf:2_3	UniRef50_B1PS78	42.342	111	63	1	6	115	2	112	1.96e-16	76.6
NC_036587.1_orf:2_3	UniRef50_P22170	44.545	110	52	3	12	116	15	120	3.02e-16	76.3
NC_036587.1_orf:2_3	UniRef50_A0A125RTY9	43.564	101	54	1	15	115	7	104	7.53e-16	75.1
NC_036587.1_orf:3_1	UniRef50_P16597	68.293	41	13	0	45	85	3	43	3.96e-06	49.3
NC_036587.1_orf:3_2	UniRef50_P16597	71.579	95	26	1	2	96	46	139	4.84e-38	131
NC_036586.1_orf:0_1	UniRef50_G0KUE2	90.655	2504	231	3	4	2505	1	2503	0.0	4709
NC_036586.1_orf:0_1	UniRef50_M4JYQ9	80.968	2501	466	7	4	2499	1	2496	0.0	4176
NC_036586.1_orf:0_1	UniRef50_M4JYR4	49.746	2555	1148	34	4	2504	1	2473	0.0	2456
NC_036586.1_orf:0_1	UniRef50_A0A1B1X400	47.743	2526	1215	42	4	2502	1	2448	0.0	2305
NC_036586.1_orf:0_1	UniRef50_A0A1B1X3Z6	56.950	1626	660	16	910	2504	889	2505	0.0	1863
NC_036586.1_orf:0_1	UniRef50_A0A1B1X3Z6	45.714	700	344	15	4	676	1	691	7.40e-165	577
NC_036586.1_orf:0_1	UniRef50_UPI000B5ABDA5	95.223	314	15	0	1392	1705	1	314	0.0	635
NC_036586.1_orf:0_1	UniRef50_B0XED3	39.216	204	115	4	683	882	111	309	1.33e-33	141
NC_036586.1_orf:0_1	UniRef50_A0A1Q3F4G0	39.796	196	109	4	691	882	186	376	4.67e-32	138
NC_036586.1_orf:0_1	UniRef50_A0A023EQX0	31.500	200	129	5	686	881	176	371	2.08e-22	110
NC_036586.1_orf:0_1	UniRef50_Q16HK4	31.915	188	121	4	698	881	160	344	2.90e-21	106
NC_036586.1_orf:1_6	UniRef50_G1K4K7	90.566	212	20	0	3	214	1	212	3.36e-124	357
NC_036586.1_orf:1_6	UniRef50_M9QF66	87.273	55	7	0	78	132	100	154	3.01e-26	106
NC_036586.1_orf:1_7	UniRef50_G1K4K9	95.570	158	7	0	18	175	1	158	2.77e-107	310
NC_036586.1_orf:2_2	UniRef50_X2C475	93.281	2530	168	2	72	2599	1	2530	0.0	4934
NC_036586.1_orf:2_2	UniRef50_M4JYQ9	85.192	2600	378	5	2	2599	2493	5087	0.0	4631
NC_036586.1_orf:2_2	UniRef50_I7D8W0	93.864	766	47	0	409	1174	1	766	0.0	1512
NC_036586.1_orf:2_2	UniRef50_C1IS23	93.836	146	8	1	1736	1880	1	146	5.36e-83	276
NC_036586.1_orf:2_2	UniRef50_A0A1L3KIW1	27.262	818	478	33	411	1196	2847	3579	1.36e-47	199
NC_036586.1_orf:2_2	UniRef50_A0A1L3KIW1	22.012	1163	706	48	1447	2560	3779	4789	2.82e-25	125
NC_036586.1_orf:2_2	UniRef50_A0A1L3KIW1	30.342	234	137	8	16	243	2547	2760	5.32e-10	74.7
NC_036586.1_orf:2_2	UniRef50_A0A096XNJ3	21.463	1230	743	43	610	1807	4541	5579	9.08e-36	160
NC_036586.1_orf:2_2	UniRef50_S5YAF0	21.679	1227	720	48	610	1796	4626	5651	3.96e-34	154
NC_036586.1_orf:2_2	UniRef50_Q98VG9	22.204	1198	717	42	614	1783	4512	5522	7.91e-29	137
NC_036586.1_orf:2_2	UniRef50_Q9J3E8	25.490	612	351	24	613	1205	498	1023	5.98e-28	134
NC_036586.1_orf:2_2	UniRef50_P0C6X6	25.490	612	353	22	612	1205	4855	5381	1.09e-26	130
NC_036586.1_orf:2_3	UniRef50_G1K4K8	90.323	899	87	0	4	902	1	899	0.0	1632
NC_036586.1_orf:2_3	UniRef50_M9QE20	62.264	53	20	0	86	138	107	159	5.79e-11	69.7
NC_036586.1_orf:2_4	UniRef50_G1K4L0	82.759	116	20	0	32	147	1	116	4.04e-61	191
NC_036586.1_orf:2_5	UniRef50_F8RL35	93.878	49	3	0	23	71	1	49	1.09e-26	98.6
