NC_016143.1_orf:2_1	UniRef50_G8DPJ9	100.000	345	0	0	5	349	1	345	0.0	702
NC_016143.1_orf:2_1	UniRef50_Q65667	24.910	277	188	8	54	316	928	1198	1.22e-11	74.7
NC_016143.1_orf:2_1	UniRef50_S6AVG4	26.621	293	191	10	23	301	898	1180	6.11e-10	69.3
NC_016143.1_orf:2_1	UniRef50_A7XVN0	26.744	258	162	9	66	305	953	1201	2.23e-09	67.8
NC_016143.1_orf:2_1	UniRef50_A0A0E3SVF9	25.490	255	169	7	66	305	6	254	6.34e-09	64.7
NC_016143.1_orf:2_1	UniRef50_A0A1L3KJR9	24.159	327	198	11	24	320	1356	1662	7.61e-09	66.2
NC_016143.1_orf:2_1	UniRef50_I7A6L0	30.085	236	131	12	66	295	881	1088	8.63e-09	65.9
NC_016143.1_orf:2_1	UniRef50_A0A1L3KJU9	26.721	247	162	10	66	303	616	852	4.57e-08	63.5
NC_016143.1_orf:2_1	UniRef50_A0A142D7P7	26.190	294	197	10	20	301	818	1103	5.52e-08	63.5
NC_016143.1_orf:2_1	UniRef50_A0A218NK58	24.286	280	185	7	59	318	1425	1697	1.64e-07	62.0
NC_016143.1_orf:2_2	UniRef50_G8DPK1	100.000	47	0	0	19	65	1	47	4.38e-25	94.4
NC_016142.1_orf:2_1	UniRef50_G8DPK2	100.000	297	0	0	15	311	1	297	0.0	613
NC_016142.1_orf:2_2	UniRef50_G8DPK3	100.000	258	0	0	16	273	1	258	0.0	523
NC_016142.1_orf:2_3	UniRef50_G8DPK4	100.000	213	0	0	2	214	1	213	1.17e-150	424
NC_016142.1_orf:2_3	UniRef50_Q1KZ54	29.487	156	108	1	10	163	19	174	1.04e-18	88.2
NC_016142.1_orf:2_3	UniRef50_A0A1W5S125	24.627	134	98	2	16	146	42	175	1.79e-06	54.7
NC_016142.1_orf:2_3	UniRef50_M1F497	23.529	136	101	2	13	146	50	184	1.92e-05	52.0
NC_016142.1_orf:2_3	UniRef50_A0A1U7EIT7	21.374	131	101	1	19	147	42	172	8.80e-05	49.7
NC_016142.1_orf:2_3	UniRef50_E0YUA4	26.471	68	48	1	20	85	70	137	1.25e-04	48.5
NC_016142.1_orf:2_3	UniRef50_A0A097A5D6	21.127	142	105	2	11	147	38	177	1.31e-04	49.7
NC_016142.1_orf:2_3	UniRef50_A0A0N4Y4E9	25.828	151	103	3	25	166	33	183	3.12e-04	48.1
NC_016142.1_orf:2_3	UniRef50_A0A1S5UPJ5	20.625	160	119	2	19	170	46	205	7.40e-04	47.4
NC_016142.1_orf:2_3	UniRef50_A0A1L3KKD6	22.917	144	98	3	12	147	56	194	0.001	47.0
NC_004421.1_orf:1_2	UniRef50_Q8BES6	100.000	2463	0	0	58	2520	1	2463	0.0	5087
NC_004421.1_orf:1_2	UniRef50_W5S7X3	66.667	2496	784	23	54	2520	3	2479	0.0	3361
NC_004421.1_orf:1_2	UniRef50_T1YE38	80.268	1865	361	5	91	1954	57	1915	0.0	3096
NC_004421.1_orf:1_2	UniRef50_O91464	55.447	2460	1024	31	87	2520	20	2433	0.0	2652
NC_004421.1_orf:1_2	UniRef50_A0A0M4V8J2	52.356	2504	1080	38	98	2519	11	2483	0.0	2514
NC_004421.1_orf:1_2	UniRef50_U6C0Q0	57.557	1760	703	20	774	2520	1	1729	0.0	1999
NC_004421.1_orf:1_2	UniRef50_A0A0D3MCR0	44.795	2344	1150	42	240	2519	164	2427	0.0	1859
NC_004421.1_orf:1_2	UniRef50_A0A0S2LUK8	43.414	2384	1179	51	244	2520	166	2486	0.0	1740
NC_004421.1_orf:1_2	UniRef50_U5XL86	40.847	2409	1234	59	187	2520	60	2352	0.0	1657
NC_004421.1_orf:1_2	UniRef50_A0A0S3CQM0	59.617	1305	492	15	68	1359	16	1298	0.0	1525
NC_007733.2_orf:0_1	UniRef50_A2TJS8	34.866	261	141	5	5	248	1	249	4.69e-42	150
NC_007733.2_orf:0_1	UniRef50_Q9DJV5	34.711	242	143	3	17	248	9	245	3.67e-39	143
NC_007733.2_orf:0_1	UniRef50_Q9J5U7	34.711	242	143	3	17	248	9	245	3.86e-36	143
NC_007733.2_orf:0_1	UniRef50_A0A1B2ARY9	33.468	248	147	5	12	248	17	257	2.59e-32	132
NC_007733.2_orf:0_1	UniRef50_F1BA29	32.937	252	155	3	7	248	1	248	3.21e-31	129
NC_007733.2_orf:0_1	UniRef50_G1EN96	33.475	236	143	4	23	248	2	233	9.89e-27	115
NC_007733.2_orf:0_1	UniRef50_P17460	36.735	147	90	1	102	248	107	250	1.27e-20	98.6
NC_007733.2_orf:0_1	UniRef50_Q56TL0	39.552	134	79	1	117	248	107	240	4.99e-20	97.1
NC_007733.2_orf:0_1	UniRef50_A0A1L3KGG1	30.682	176	119	1	75	247	92	267	1.62e-16	84.3
NC_007733.2_orf:0_1	UniRef50_Q9IRA2	31.667	180	113	2	67	246	73	242	1.09e-15	84.3
