NC_018382.1_orf:0_1	UniRef50_I7FEV0	100.000	1580	0	0	12	1591	1	1580	0.0	3274
NC_018382.1_orf:0_1	UniRef50_Q6QLN1	47.461	1595	751	16	12	1589	1	1525	0.0	1350
NC_018382.1_orf:0_1	UniRef50_A0A1I9WNV0	51.917	913	425	5	691	1589	598	1510	0.0	900
NC_018382.1_orf:0_1	UniRef50_A0A1I9WNV0	50.538	465	217	6	12	466	1	462	5.12e-135	464
NC_018382.1_orf:0_1	UniRef50_I7A6L0	50.268	933	423	13	691	1590	667	1591	0.0	858
NC_018382.1_orf:0_1	UniRef50_I7A6L0	52.677	467	203	7	12	461	1	466	5.14e-135	465
NC_018382.1_orf:0_1	UniRef50_V9TIS6	46.270	992	493	12	614	1589	638	1605	0.0	830
NC_018382.1_orf:0_1	UniRef50_V9TIS6	49.000	500	230	9	12	488	1	498	1.03e-126	442
NC_018382.1_orf:0_1	UniRef50_P29324	49.449	908	445	11	691	1589	780	1682	0.0	807
NC_018382.1_orf:0_1	UniRef50_P29324	51.304	460	211	5	12	459	1	459	2.90e-125	439
NC_018382.1_orf:0_1	UniRef50_I3UJM4	50.661	756	363	9	842	1590	876	1628	0.0	718
NC_018382.1_orf:0_1	UniRef50_I3UJM4	52.966	472	202	7	12	464	1	471	1.54e-130	453
NC_018382.1_orf:0_1	UniRef50_I3UJM4	45.596	193	80	5	639	826	647	819	1.55e-32	147
NC_018382.1_orf:0_1	UniRef50_D3J320	50.840	655	314	7	941	1590	1	652	0.0	620
NC_018382.1_orf:0_1	UniRef50_A0A1B1H4F2	46.979	513	264	7	1082	1589	1	510	4.46e-140	449
NC_018382.1_orf:0_1	UniRef50_A0A0U1YMB9	53.917	434	187	7	41	462	1	433	4.24e-135	433
NC_018382.1_orf:0_2	UniRef50_A0A1S6LQY6	81.023	606	113	2	1	606	1	604	0.0	928
NC_018382.1_orf:0_2	UniRef50_A0A0D3MDC7	75.833	600	132	6	1	595	1	592	0.0	900
NC_018382.1_orf:0_2	UniRef50_Q68985	55.052	574	235	8	39	593	71	640	0.0	582
NC_018382.1_orf:0_2	UniRef50_A0A1X9HYI6	54.635	507	219	7	94	593	3	505	0.0	556
NC_018382.1_orf:0_2	UniRef50_Q913Y7	49.372	557	261	10	56	602	45	590	1.69e-171	509
NC_018382.1_orf:0_2	UniRef50_Q9WNN2	54.255	470	202	6	133	593	1	466	1.51e-166	491
NC_018382.1_orf:0_2	UniRef50_A0A1P8VJP0	67.293	266	86	1	74	338	7	272	6.26e-120	364
NC_018382.1_orf:0_2	UniRef50_A0A1X9T513	62.963	216	79	1	159	373	1	216	3.48e-87	278
NC_018382.1_orf:0_2	UniRef50_A0A1U7AE29	45.000	320	163	6	283	593	1	316	3.84e-77	256
NC_018382.1_orf:0_2	UniRef50_D3VV84	48.472	229	116	2	329	556	6	233	1.18e-62	214
NC_018382.1_orf:1_6	UniRef50_I7EKE3	100.000	137	0	0	18	154	1	137	2.67e-89	263
NC_018382.1_orf:1_6	UniRef50_A0A1S6LQY7	45.324	139	72	2	18	154	1	137	2.74e-11	65.1
NC_034453.1_orf:2_1	UniRef50_T1YD22	100.000	2207	0	0	2	2208	1	2207	0.0	4628
NC_034453.1_orf:2_1	UniRef50_Q8JV21	40.596	2281	1238	35	5	2208	13	2253	0.0	1674
NC_034453.1_orf:2_1	UniRef50_A0A248AAI2	39.966	2342	1245	41	5	2208	13	2331	0.0	1648
NC_034453.1_orf:2_1	UniRef50_A0A1S5VYQ4	37.539	2243	1288	35	5	2208	5	2173	0.0	1509
NC_034453.1_orf:2_1	UniRef50_A0A097ZPI0	34.207	2251	1351	31	5	2208	3	2170	0.0	1336
NC_034453.1_orf:2_1	UniRef50_Q66578	38.649	1436	838	19	789	2208	772	2180	0.0	1016
NC_034453.1_orf:2_1	UniRef50_Q66578	38.577	731	383	13	24	717	62	763	3.66e-135	481
NC_034453.1_orf:2_1	UniRef50_A0A0D3MCC7	32.050	2234	1333	60	5	2178	8	2116	0.0	981
NC_034453.1_orf:2_1	UniRef50_T2BA54	30.086	2320	1403	54	2	2190	10	2241	0.0	965
NC_034453.1_orf:2_1	UniRef50_A0A076VCM4	28.046	2282	1342	65	18	2181	21	2120	0.0	725
NC_034453.1_orf:2_1	UniRef50_A5Y0T0	31.789	1403	842	33	802	2181	913	2223	0.0	656
NC_034453.1_orf:2_1	UniRef50_A5Y0T0	29.842	697	397	17	59	726	61	694	9.62e-75	287
NC_032484.1_orf:0_5	UniRef50_A0A1L6C001	93.114	668	46	0	7	674	1	668	0.0	1241
NC_032484.1_orf:0_5	UniRef50_A0A1L6C005	36.949	590	330	15	44	619	47	608	6.44e-99	323
NC_032484.1_orf:0_5	UniRef50_A0A1L6C009	40.800	375	209	5	26	394	18	385	2.39e-84	286
NC_032484.1_orf:0_5	UniRef50_A0A1W6JGR5	32.081	346	212	10	21	349	39	378	6.98e-34	146
NC_032484.1_orf:0_5	UniRef50_A0A0A7DMJ4	31.118	331	205	8	27	342	36	358	9.19e-34	146
NC_032484.1_orf:0_5	UniRef50_Q9JH65	29.128	436	283	14	4	424	21	445	2.21e-32	142
NC_032484.1_orf:0_5	UniRef50_A0A0K0LBJ6	30.675	326	199	9	40	348	42	357	2.86e-32	137
NC_032484.1_orf:0_5	UniRef50_A0A1C9ULA6	29.706	340	217	7	26	348	46	380	3.72e-30	135
NC_032484.1_orf:0_5	UniRef50_Q9Q3G5	26.190	462	292	13	27	462	45	483	2.26e-29	132
NC_032484.1_orf:0_5	UniRef50_C0KCU7	29.538	325	182	10	38	325	74	388	4.55e-29	132
NC_032484.1_orf:1_1	UniRef50_A0A1L6BZZ8	94.522	1223	67	0	3	1225	1	1223	0.0	2410
NC_032484.1_orf:1_1	UniRef50_A0A1L6C003	49.716	1233	602	10	3	1221	4	1232	0.0	1084
NC_032484.1_orf:1_1	UniRef50_A0A1L6C007	43.447	1114	601	15	108	1214	2	1093	0.0	807
NC_032484.1_orf:1_1	UniRef50_A0A120KKH2	28.620	1188	755	31	30	1153	24	1182	3.47e-114	394
NC_032484.1_orf:1_1	UniRef50_I7FEV0	27.801	723	445	26	494	1186	871	1546	5.09e-45	187
NC_032484.1_orf:1_1	UniRef50_I7FEV0	25.310	403	252	15	41	407	38	427	2.92e-17	97.1
NC_032484.1_orf:1_1	UniRef50_A0A1L6C011	23.254	1174	704	44	132	1151	168	1298	2.15e-43	182
NC_032484.1_orf:1_1	UniRef50_V9TIS6	28.430	707	416	25	494	1162	895	1549	9.13e-41	173
NC_032484.1_orf:1_1	UniRef50_V9TIS6	24.093	386	258	10	38	390	36	419	1.72e-16	94.7
NC_032484.1_orf:1_1	UniRef50_P29324	29.462	706	408	30	494	1161	972	1625	4.50e-40	171
NC_032484.1_orf:1_1	UniRef50_P29324	23.698	384	257	10	41	390	38	419	1.23e-11	78.6
NC_032484.1_orf:1_1	UniRef50_I7A6L0	28.108	740	460	26	494	1204	880	1576	2.42e-39	169
NC_032484.1_orf:1_1	UniRef50_I7A6L0	23.038	395	251	12	38	389	36	420	1.28e-13	85.1
NC_032484.1_orf:1_1	UniRef50_Q67724	24.975	997	612	38	262	1152	323	1289	1.92e-36	159
