NC_036636.1_orf:2_1	UniRef50_A0A0M4L956	76.964	3972	908	5	15	3986	1	3965	0.0	6400
NC_036636.1_orf:2_1	UniRef50_A0A0M4KEL9	54.729	4007	1751	23	21	3986	8	3992	0.0	4427
NC_036636.1_orf:2_1	UniRef50_A0A0M5KTS8	54.613	4021	1743	27	16	3986	3	3991	0.0	4423
NC_036636.1_orf:2_1	UniRef50_A0A191KWC5	43.604	4018	2123	50	21	3979	4	3937	0.0	3216
NC_036636.1_orf:2_1	UniRef50_A0A142J8F6	42.757	4004	2144	45	23	3984	9	3906	0.0	3147
NC_036636.1_orf:2_1	UniRef50_A0A191KW96	42.205	4028	2184	43	23	3971	6	3968	0.0	3090
NC_036636.1_orf:2_1	UniRef50_A0A1S5NQD1	42.149	4057	2116	55	43	3986	30	3968	0.0	3078
NC_036636.1_orf:2_1	UniRef50_Q6TQR6	41.611	4047	2183	47	15	3985	1	3943	0.0	3047
NC_036636.1_orf:2_1	UniRef50_A0A0B5KXW6	40.464	3922	2123	57	37	3857	31	3841	0.0	2780
NC_036636.1_orf:2_1	UniRef50_A0A1S5NU36	39.186	3981	2206	52	30	3887	27	3915	0.0	2749
NC_001747.1_orf:0_1	UniRef50_P17518	100.000	247	0	0	2	248	1	247	0.0	508
NC_001747.1_orf:0_1	UniRef50_C6GYU5	28.063	253	168	4	2	247	1	246	2.17e-15	80.9
NC_001747.1_orf:0_1	UniRef50_Q89458	24.554	224	154	4	34	247	38	256	4.97e-05	51.6
NC_001747.1_orf:0_1	UniRef50_A0A1L3KEI1	41.429	70	40	1	54	122	51	120	4.33e-04	48.9
NC_001747.1_orf:0_2	UniRef50_O09709	99.024	615	6	0	2	616	2	616	0.0	1276
NC_001747.1_orf:0_2	UniRef50_P17520	95.254	611	28	1	6	616	453	1062	0.0	1212
NC_001747.1_orf:0_2	UniRef50_A0A1Y0EXW0	64.158	558	186	7	58	608	511	1061	0.0	715
NC_001747.1_orf:0_2	UniRef50_A0A097RN22	61.897	580	199	8	53	616	566	1139	0.0	715
NC_001747.1_orf:0_2	UniRef50_R9U1R7	62.321	560	194	7	56	608	488	1037	0.0	696
NC_001747.1_orf:0_2	UniRef50_Q17S71	60.606	561	206	7	58	608	531	1086	0.0	695
NC_001747.1_orf:0_2	UniRef50_A5A2W7	57.189	619	254	5	1	614	464	1076	0.0	695
NC_001747.1_orf:0_2	UniRef50_P09507	59.593	589	222	6	25	608	447	1024	0.0	691
NC_001747.1_orf:0_2	UniRef50_A0A0P0HWB6	58.140	602	213	7	43	608	450	1048	0.0	684
NC_001747.1_orf:0_2	UniRef50_A0A1S6PCS1	62.546	542	190	5	71	608	561	1093	0.0	681
NC_001747.1_orf:0_3	UniRef50_P10471	96.795	156	5	0	8	163	1	156	2.03e-105	305
NC_001747.1_orf:0_3	UniRef50_D5IC80	61.345	119	42	1	43	161	1	115	4.21e-35	125
NC_001747.1_orf:0_3	UniRef50_P09512	51.825	137	65	1	27	162	12	148	6.32e-35	127
NC_001747.1_orf:0_3	UniRef50_P09511	56.800	125	53	1	27	150	12	136	1.81e-34	125
NC_001747.1_orf:0_3	UniRef50_A0A0U1VZQ8	54.630	108	48	1	26	132	14	121	2.60e-30	113
NC_001747.1_orf:0_3	UniRef50_W8JC60	61.983	121	44	2	26	145	11	130	8.42e-28	109
NC_001747.1_orf:0_3	UniRef50_Q91QQ7	57.018	114	48	1	26	138	14	127	4.39e-26	105
NC_001747.1_orf:0_3	UniRef50_A0A0P1CZ31	50.435	115	55	1	27	139	11	125	4.41e-26	103
NC_001747.1_orf:0_3	UniRef50_D4P8G3	50.538	93	46	0	8	100	1	93	1.28e-20	88.2
NC_001747.1_orf:0_3	UniRef50_W8E0B0	53.125	128	57	2	19	145	5	130	5.40e-18	84.0
NC_001747.1_orf:0_6	UniRef50_P0C769	100.000	62	0	0	7	68	1	62	2.43e-37	125
NC_001747.1_orf:0_6	UniRef50_I1XV14	82.051	39	7	0	7	45	1	39	2.72e-13	64.3
NC_001747.1_orf:1_1	UniRef50_P17519	100.000	639	0	0	6	644	1	639	0.0	1320
NC_001747.1_orf:1_1	UniRef50_P17520	99.795	488	1	0	6	493	1	488	0.0	1017
NC_001747.1_orf:1_1	UniRef50_Q8V241	91.968	249	20	0	6	254	1	249	7.46e-167	483
NC_001747.1_orf:1_1	UniRef50_P09506	35.514	642	350	17	12	633	2	599	3.88e-99	322
NC_001747.1_orf:1_1	UniRef50_A0A1S6PCU5	36.299	562	294	14	125	634	120	669	1.86e-96	317
NC_001747.1_orf:1_1	UniRef50_Q89645	35.257	641	367	15	30	641	33	654	3.41e-96	316
NC_001747.1_orf:1_1	UniRef50_E7FL72	32.677	609	354	15	64	635	65	654	1.02e-90	302
NC_001747.1_orf:1_1	UniRef50_Q670I3	32.387	599	364	9	46	633	44	612	5.88e-90	299
NC_001747.1_orf:1_1	UniRef50_A0A1L3KF08	33.221	596	342	16	66	633	55	622	5.58e-85	286
NC_001747.1_orf:1_1	UniRef50_A0A1B4Z1X2	34.884	516	270	13	154	635	1	484	4.09e-84	280
NC_001747.1_orf:2_2	UniRef50_P0C768	100.000	41	0	0	26	66	1	41	7.65e-18	75.9
NC_001747.1_orf:2_4	UniRef50_P10470	97.115	208	6	0	11	218	1	208	1.55e-147	416
NC_001747.1_orf:2_4	UniRef50_P17525	100.000	208	0	0	11	218	1	208	1.97e-145	429
NC_001747.1_orf:2_4	UniRef50_V5Z250	96.350	137	5	0	82	218	3	139	1.27e-95	282
NC_001747.1_orf:2_4	UniRef50_P19126	58.919	185	74	2	35	218	13	196	2.33e-69	217
NC_001747.1_orf:2_4	UniRef50_E0YC38	68.132	182	57	1	37	218	20	200	4.75e-64	209
NC_001747.1_orf:2_4	UniRef50_Q17S69	71.329	143	40	1	76	218	59	200	4.75e-64	217
NC_001747.1_orf:2_4	UniRef50_E5GAA9	70.345	145	42	1	74	218	59	202	1.48e-63	216
NC_001747.1_orf:2_4	UniRef50_P09514	68.966	145	44	1	74	218	59	202	5.82e-63	214
NC_001747.1_orf:2_4	UniRef50_C6GYU8	62.570	179	62	3	42	218	26	201	4.54e-61	209
NC_001747.1_orf:2_4	UniRef50_G4Y548	95.536	112	5	0	38	149	1	112	2.74e-60	191
NC_001747.1_orf:2_5	UniRef50_P17525	100.000	507	0	0	2	508	210	716	0.0	1054
NC_001747.1_orf:2_5	UniRef50_Q84819	96.063	508	20	0	1	508	1	508	0.0	1006
NC_001747.1_orf:2_5	UniRef50_L0ANF1	93.878	245	15	0	264	508	1	245	3.93e-149	433
NC_001747.1_orf:2_5	UniRef50_P09514	40.592	473	214	12	21	476	224	646	4.17e-98	317
NC_001747.1_orf:2_5	UniRef50_Q91AV3	39.606	457	207	13	38	476	2	407	2.42e-93	297
NC_001747.1_orf:2_5	UniRef50_Q8B6L2	53.448	232	107	1	21	251	27	258	4.34e-83	274
NC_001747.1_orf:2_5	UniRef50_Q670I2	54.825	228	101	2	20	246	235	461	4.10e-82	276
NC_001747.1_orf:2_5	UniRef50_A0A1J0A2K7	48.617	253	121	4	21	272	135	379	1.12e-77	255
NC_001747.1_orf:2_5	UniRef50_K4GUL7	52.814	231	108	1	22	251	229	459	1.21e-77	265
NC_001747.1_orf:2_5	UniRef50_A0A223APY9	54.425	226	98	3	64	288	2	223	6.87e-75	249
