NC_034477.1_orf:0_1	UniRef50_W8CZV3	96.783	1430	46	0	4	1433	1	1430	0.0	2904
NC_034477.1_orf:0_1	UniRef50_S5WLZ1	53.696	1434	650	11	4	1427	1	1430	0.0	1641
NC_034477.1_orf:0_1	UniRef50_A0A0R7FK92	36.289	1455	873	27	6	1431	4	1433	0.0	928
NC_034477.1_orf:0_1	UniRef50_A0A142J8G0	35.363	1445	871	25	4	1408	1	1422	0.0	896
NC_034477.1_orf:0_1	UniRef50_A0A142J8F3	33.841	1445	904	25	4	1421	1	1420	0.0	890
NC_034477.1_orf:0_1	UniRef50_P04505	34.386	1457	898	20	6	1431	4	1433	0.0	886
NC_034477.1_orf:0_1	UniRef50_H6U325	33.540	1452	908	22	4	1431	1	1419	0.0	883
NC_034477.1_orf:0_1	UniRef50_Q9IBP4	34.168	1478	879	26	6	1429	1	1438	0.0	881
NC_034477.1_orf:0_1	UniRef50_A0A088MG36	33.787	1468	909	23	4	1432	2	1445	0.0	874
NC_034477.1_orf:0_1	UniRef50_P04875	34.264	1468	892	26	6	1429	1	1439	0.0	872
NC_034476.1_orf:1_1	UniRef50_W8CZV1	72.340	235	65	0	4	238	1	235	1.13e-128	370
NC_034476.1_orf:1_1	UniRef50_A0A0U2IVZ1	74.860	179	45	0	60	238	1	179	9.22e-98	290
NC_034476.1_orf:1_1	UniRef50_A0A142K3K3	52.193	228	109	0	9	236	7	234	1.43e-73	230
NC_034476.1_orf:1_1	UniRef50_A0A088MG55	50.424	236	112	3	4	237	1	233	1.78e-72	227
NC_034476.1_orf:1_1	UniRef50_Q82984	43.913	230	124	2	11	237	7	234	4.45e-65	209
NC_034476.1_orf:1_1	UniRef50_P04873	43.913	230	124	2	11	237	7	234	1.32e-62	202
NC_034476.1_orf:1_1	UniRef50_Q98750	43.404	235	128	2	6	237	2	234	2.32e-62	202
NC_034476.1_orf:1_1	UniRef50_Q6KC67	43.290	231	128	2	10	237	3	233	1.25e-60	197
NC_034476.1_orf:1_1	UniRef50_P16495	43.049	223	125	1	17	237	11	233	7.11e-58	190
NC_034476.1_orf:1_1	UniRef50_P16993	42.553	235	128	4	8	237	1	233	1.50e-57	189
NC_034476.1_orf:2_1	UniRef50_A0A0H3VH48	94.792	96	5	0	1	96	10	105	3.21e-54	171
NC_034476.1_orf:2_1	UniRef50_W8CZH3	100.000	62	0	0	35	96	1	62	2.34e-32	114
NC_034476.1_orf:2_1	UniRef50_A0A0H3VFU2	52.381	84	40	0	1	84	10	93	4.75e-14	69.3
NC_034476.1_orf:2_1	UniRef50_W8CZ95	49.333	75	38	0	17	91	4	78	2.92e-06	48.9
NC_034475.1_orf:2_1	UniRef50_Q8JPR2	51.627	2243	1050	9	10	2225	7	2241	0.0	2362
NC_034475.1_orf:2_1	UniRef50_E5EZ39	51.918	2242	1045	11	10	2225	7	2241	0.0	2357
NC_034475.1_orf:2_1	UniRef50_H2AM11	51.808	2212	1050	8	9	2209	6	2212	0.0	2329
NC_034475.1_orf:2_1	UniRef50_A0A088MSL5	50.892	2242	1073	10	10	2225	7	2246	0.0	2296
NC_034475.1_orf:2_1	UniRef50_A0A0E3TUA1	49.067	2252	1101	19	10	2243	7	2230	0.0	2149
NC_034475.1_orf:2_1	UniRef50_U3RF03	47.943	2236	1128	21	9	2228	5	2220	0.0	2121
NC_034475.1_orf:2_1	UniRef50_A0A0R7FK50	47.340	2237	1156	16	10	2237	7	2230	0.0	2076
NC_034475.1_orf:2_1	UniRef50_G4Y818	53.837	1759	798	9	18	1771	1	1750	0.0	1930
NC_034475.1_orf:2_1	UniRef50_A0A088NCM7	44.369	2220	1199	18	9	2220	6	2197	0.0	1876
NC_034475.1_orf:2_1	UniRef50_A0A0H4LIW4	57.133	1500	617	5	258	1734	1	1497	0.0	1780
NC_034475.1_orf:3_3	UniRef50_Q83000	43.333	120	68	0	3	122	13	132	5.90e-16	76.6
NC_034465.1_orf:0_1	UniRef50_P0C760	61.016	2165	827	7	9	2165	1	2156	0.0	2787
NC_034465.1_orf:0_1	UniRef50_D7NVD2	62.031	1438	538	2	140	1577	1	1430	0.0	1875
NC_034465.1_orf:0_1	UniRef50_A0A1B1XXS7	70.238	1176	347	1	990	2165	1	1173	0.0	1795
NC_034465.1_orf:0_1	UniRef50_V9MFU8	63.558	1158	410	5	251	1406	4	1151	0.0	1542
NC_034465.1_orf:0_1	UniRef50_A0A0K0LEI5	58.915	1088	437	4	9	1095	1	1079	0.0	1303
NC_034465.1_orf:0_1	UniRef50_F6L6Q2	71.879	825	232	0	636	1460	1	825	0.0	1285
NC_034465.1_orf:0_1	UniRef50_R4JAI5	60.511	861	330	4	249	1108	3	854	0.0	1068
NC_034465.1_orf:0_1	UniRef50_A0A024AXT8	67.255	623	204	0	409	1031	1	623	0.0	868
NC_034465.1_orf:0_1	UniRef50_R4JAI1	67.535	576	185	1	992	1567	1	574	0.0	863
NC_034465.1_orf:0_1	UniRef50_R4JAH9	72.485	487	132	1	765	1251	2	486	0.0	744
NC_034464.1_orf:1_1	UniRef50_P19475	53.103	435	195	5	9	436	1	433	4.75e-168	486
NC_034464.1_orf:1_1	UniRef50_G1AQJ3	56.587	334	144	1	104	436	2	335	3.55e-141	414
NC_034464.1_orf:1_1	UniRef50_B6RD46	46.047	430	225	4	11	436	10	436	5.19e-128	384
NC_034464.1_orf:1_1	UniRef50_Q9QKC8	51.335	337	155	4	16	347	7	339	9.13e-121	362
NC_034464.1_orf:1_1	UniRef50_A0A140HRP3	45.231	325	177	1	23	346	11	335	6.50e-102	313
NC_034464.1_orf:1_1	UniRef50_V5M1C7	54.054	259	118	1	96	353	3	261	1.71e-100	307
NC_034464.1_orf:1_1	UniRef50_A0A059Q9G0	99.329	149	1	0	9	157	1	149	2.16e-99	300
NC_034464.1_orf:1_1	UniRef50_A0A068EQW6	50.000	272	133	1	92	363	51	319	8.07e-97	300
NC_034464.1_orf:1_1	UniRef50_G8CXY2	53.917	217	95	2	225	436	1	217	9.17e-78	248
NC_034464.1_orf:1_1	UniRef50_I0J0W7	52.018	223	103	3	9	229	1	221	1.80e-75	242
NC_034454.1_orf:0_1	UniRef50_A0A0B5KXT6	52.719	423	198	1	28	448	1	423	1.07e-164	477
NC_034454.1_orf:0_1	UniRef50_U5NEN0	39.667	421	236	4	34	443	10	423	2.21e-106	329
NC_034454.1_orf:0_1	UniRef50_A0A0D3R162	40.326	429	232	8	28	443	1	418	1.29e-104	324
NC_034454.1_orf:0_1	UniRef50_Q0QBR9	43.490	361	186	7	91	440	1	354	1.11e-94	296
NC_034454.1_orf:0_1	UniRef50_Q4VKV8	37.324	426	251	5	34	447	7	428	6.59e-94	297
NC_034454.1_orf:0_1	UniRef50_A0A097A599	35.160	438	252	5	38	447	6	439	8.59e-90	286
NC_034454.1_orf:0_1	UniRef50_A0A0D3R128	37.324	426	244	4	38	443	6	428	5.07e-84	271
NC_034454.1_orf:0_1	UniRef50_A0A0D3R1K1	33.491	424	266	3	34	443	2	423	2.77e-82	267
NC_034454.1_orf:0_1	UniRef50_A0A096ZGU0	35.407	418	256	5	38	443	6	421	3.53e-82	266
NC_034454.1_orf:0_1	UniRef50_A0A0D3R0W9	35.422	415	259	4	39	445	7	420	3.99e-82	266
NC_034454.1_orf:0_2	UniRef50_A0A0B5KTT2	54.020	2127	928	16	20	2117	8	2113	0.0	2286
NC_034454.1_orf:0_2	UniRef50_V5PZP2	48.551	2140	1048	27	8	2117	4	2120	0.0	1991
NC_034454.1_orf:0_2	UniRef50_P03523	44.569	2136	1125	24	7	2116	6	2108	0.0	1724
NC_034454.1_orf:0_2	UniRef50_A0A249Y6Z0	44.275	2096	1104	23	25	2092	16	2075	0.0	1685
NC_034454.1_orf:0_2	UniRef50_Q91DR9	42.762	2100	1144	23	38	2115	30	2093	0.0	1647
NC_034454.1_orf:0_2	UniRef50_E7D0U6	43.376	2091	1136	22	24	2087	17	2086	0.0	1647
NC_034454.1_orf:0_2	UniRef50_Q06Z35	43.433	2033	1078	24	42	2052	34	2016	0.0	1644
NC_034454.1_orf:0_2	UniRef50_E3P8Z1	43.178	2140	1121	29	6	2116	1	2074	0.0	1622
NC_034454.1_orf:0_2	UniRef50_A0A0B5KXL1	42.628	2116	1141	32	17	2092	16	2098	0.0	1613
NC_034454.1_orf:0_2	UniRef50_UPI0008DB43B9	40.519	2120	1218	20	9	2103	17	2118	0.0	1584
NC_034454.1_orf:1_2	UniRef50_A0A0D3R1E9	81.102	254	48	0	7	260	1	254	4.06e-136	390
NC_034454.1_orf:1_2	UniRef50_A0A0D3R1L1	40.824	267	142	6	7	260	1	264	1.25e-38	142
NC_034454.1_orf:1_2	UniRef50_A0A0B5KF64	28.839	267	174	8	7	260	1	264	4.02e-22	99.8
NC_034454.1_orf:1_2	UniRef50_A0A0D3R1H5	27.273	198	130	7	76	260	120	316	9.55e-07	57.4
NC_034454.1_orf:1_3	UniRef50_A0A0D3R1E8	68.571	210	64	1	7	214	1	210	3.96e-101	298
NC_034454.1_orf:1_3	UniRef50_A0A0B5KKD9	56.190	210	89	3	7	214	1	209	3.70e-78	240
NC_034454.1_orf:1_3	UniRef50_A0A0D3R1N9	40.930	215	111	5	7	209	1	211	4.38e-46	158
NC_034454.1_orf:1_3	UniRef50_A0A0B5KF43	35.849	212	127	3	7	210	1	211	1.57e-43	152
NC_034454.1_orf:1_3	UniRef50_A0A220FFJ0	36.792	212	121	4	7	209	1	208	4.46e-43	150
NC_034454.1_orf:1_3	UniRef50_U5NF19	37.313	201	122	3	7	205	1	199	2.80e-40	144
NC_034454.1_orf:1_3	UniRef50_A0A0D3R172	40.462	173	100	3	21	190	18	190	1.55e-37	137
NC_034454.1_orf:1_3	UniRef50_A0A0C4MIT7	32.653	196	128	2	7	199	1	195	4.27e-32	122
NC_034454.1_orf:1_3	UniRef50_A0A0D3R1G3	32.057	209	134	3	7	207	1	209	1.76e-31	121
NC_034454.1_orf:1_3	UniRef50_A0A0C5BZP1	30.061	163	109	2	50	209	66	226	3.58e-11	68.2
NC_034454.1_orf:1_4	UniRef50_A0A0D3R0Y9	84.715	543	83	0	7	549	1	543	0.0	992
NC_034454.1_orf:1_4	UniRef50_A0A0D3R1P3	47.330	543	280	3	11	549	1	541	0.0	543
NC_034454.1_orf:1_4	UniRef50_A0A0B5KRV5	43.117	494	279	1	38	531	26	517	4.17e-144	433
NC_034454.1_orf:1_4	UniRef50_A0A0D3R131	37.232	513	293	7	11	497	2	511	1.22e-114	358
NC_034454.1_orf:1_4	UniRef50_A0A0D3R1C5	35.914	465	293	4	38	497	55	519	2.11e-107	340
NC_034454.1_orf:1_4	UniRef50_A0A0B5KKB0	30.137	511	338	6	39	543	40	537	3.48e-84	279
NC_034454.1_orf:1_4	UniRef50_A0A220F6X1	32.189	466	307	4	38	502	40	497	3.26e-83	276
NC_034454.1_orf:1_4	UniRef50_A0A0D3R1Y2	29.197	548	357	8	12	549	8	534	7.52e-83	275
NC_034454.1_orf:1_4	UniRef50_A0A0C4MKA3	27.416	507	352	6	6	505	6	503	3.64e-65	229
NC_034454.1_orf:1_4	UniRef50_U5NI88	27.290	513	357	7	38	546	43	543	6.44e-65	228
NC_034454.1_orf:2_2	UniRef50_A0A0D3R1N7	100.000	86	0	0	14	99	1	86	7.83e-53	166
