NC_036635.1_orf:3_1	UniRef50_A0A075IG98	100.000	2337	0	0	9	2345	1	2337	0.0	4788
NC_036635.1_orf:3_1	UniRef50_Q6DN67	42.353	2380	1244	31	66	2340	54	2410	0.0	1779
NC_036635.1_orf:3_1	UniRef50_Q8BCV9	39.911	2250	1245	30	134	2335	72	2262	0.0	1575
NC_036635.1_orf:3_1	UniRef50_Q91MF6	45.448	1329	705	9	379	1698	4	1321	0.0	1178
NC_036635.1_orf:3_1	UniRef50_A0A1B4ZA63	23.735	1028	661	28	455	1404	394	1376	3.68e-53	216
NC_036635.1_orf:3_1	UniRef50_A0A1Z2RTD8	23.350	1182	725	36	323	1397	362	1469	1.31e-51	211
NC_036635.1_orf:3_1	UniRef50_C8CCF5	60.606	132	47	2	1280	1408	1	130	1.07e-45	169
NC_036635.1_orf:3_1	UniRef50_A0A0M4KRC2	26.875	640	390	19	339	933	270	876	4.81e-40	173
NC_036635.1_orf:3_1	UniRef50_Q0E5U4	59.091	88	36	0	1315	1402	5	92	2.19e-28	118
NC_036635.1_orf:3_1	UniRef50_Q80A80	68.889	45	14	0	1346	1390	1	45	1.85e-12	71.6
NC_036635.1_orf:4_1	UniRef50_A0A075IGF9	100.000	194	0	0	7	200	1	194	3.43e-140	395
NC_036634.1_orf:5_1	UniRef50_A0A075III9	100.000	454	0	0	3	456	1	454	0.0	927
NC_036634.1_orf:5_1	UniRef50_Q6DN64	35.449	457	269	6	3	455	1	435	2.67e-90	288
NC_036634.1_orf:5_1	UniRef50_Q8BCV5	37.243	341	203	5	120	454	100	435	6.97e-57	201
NC_036634.1_orf:5_1	UniRef50_Q0E6U6	44.068	177	98	1	246	422	2	177	7.73e-41	151
NC_036634.1_orf:5_1	UniRef50_A0A098E543	46.528	144	77	0	276	419	1	144	4.24e-34	132
NC_036634.1_orf:5_1	UniRef50_Q6Y003	31.004	229	138	4	11	237	2	212	1.04e-24	108
NC_036634.1_orf:5_1	UniRef50_C5HMM4	47.414	116	59	2	200	315	1	114	3.23e-24	104
NC_036634.1_orf:5_1	UniRef50_A0A0S2VHY4	44.628	121	65	2	207	327	10	128	9.41e-21	95.5
NC_036634.1_orf:5_1	UniRef50_X5KCG5	44.762	105	58	0	302	406	1	105	1.73e-17	85.9
NC_036634.1_orf:5_1	UniRef50_H2D870	41.176	102	59	1	354	454	20	121	3.56e-15	79.7
NC_036621.1_orf:1_1	UniRef50_A0A0E4G3H6	96.708	243	8	0	8	250	1	243	1.44e-175	489
NC_036621.1_orf:1_1	UniRef50_A0A088CK81	96.825	63	2	0	8	70	1	63	1.49e-33	127
NC_036621.1_orf:1_1	UniRef50_Q01639	32.456	228	133	6	11	220	3	227	2.28e-25	107
NC_036621.1_orf:1_1	UniRef50_Q9Q1Z4	39.623	106	53	4	17	112	1	105	2.57e-10	63.9
NC_036621.1_orf:1_1	UniRef50_P33493	32.540	126	71	6	11	128	3	122	7.68e-04	47.4
NC_036621.1_orf:2_1	UniRef50_A0A088CK81	92.366	131	8	1	2	132	56	184	3.30e-80	241
NC_036620.1_orf:1_1	UniRef50_K9LHF4	100.000	387	0	0	8	394	1	387	0.0	799
NC_036620.1_orf:1_1	UniRef50_A0A220DM04	98.068	207	4	0	8	214	1	207	2.03e-144	415
NC_036620.1_orf:1_1	UniRef50_A0A220DM07	98.947	190	2	0	205	394	1	190	4.85e-135	390
NC_036620.1_orf:1_1	UniRef50_Q6I7B9	38.021	384	225	6	8	390	1	372	1.03e-82	264
NC_036620.1_orf:1_1	UniRef50_A0A193PQS6	41.736	242	141	0	8	249	1	242	1.63e-62	208
NC_036620.1_orf:1_1	UniRef50_Q67394	42.623	122	70	0	18	139	2	123	2.38e-25	107
NC_036620.1_orf:1_1	UniRef50_Q8AZU8	32.824	131	69	5	261	390	25	137	1.40e-08	61.2
NC_036620.1_orf:1_1	UniRef50_I6T2J8	36.842	95	51	3	243	337	1	86	4.84e-07	55.8
NC_036620.1_orf:1_1	UniRef50_A0A223FKP9	36.842	76	43	2	243	318	1	71	2.07e-05	50.1
NC_036619.1_orf:1_1	UniRef50_Q9IMP5	50.139	722	333	8	6	715	1	707	0.0	725
NC_036619.1_orf:1_1	UniRef50_Q9QLI9	27.451	714	452	14	39	715	34	718	3.66e-70	251
NC_036619.1_orf:1_1	UniRef50_P03433	26.135	727	472	19	23	708	14	716	1.68e-62	229
NC_036619.1_orf:1_1	UniRef50_H6QM92	25.630	714	471	18	26	703	17	706	1.45e-59	221
NC_036619.1_orf:1_1	UniRef50_A0A0R5Q9J0	26.777	605	402	12	128	715	2	582	2.81e-51	196
NC_036619.1_orf:1_1	UniRef50_A0A0C5A032	25.214	583	375	18	42	586	9	568	4.40e-37	154
NC_036619.1_orf:1_1	UniRef50_X2EEH5	35.060	251	145	5	448	693	414	651	2.52e-35	150
NC_036619.1_orf:1_1	UniRef50_X2EEH5	27.018	285	197	3	60	337	24	304	5.21e-22	109
NC_036619.1_orf:1_1	UniRef50_A0A140EKC8	34.432	273	160	6	448	715	460	718	5.60e-35	150
NC_036619.1_orf:1_1	UniRef50_A0A140EKC8	32.680	153	88	1	40	177	35	187	2.95e-16	91.7
NC_036619.1_orf:1_1	UniRef50_Q68C78	50.407	123	60	1	17	139	3	124	1.40e-34	135
NC_036619.1_orf:1_1	UniRef50_Q6DNX4	33.884	242	144	6	467	703	7	237	1.67e-33	136
NC_036618.1_orf:0_1	UniRef50_UPI00077DF008	99.297	427	3	0	27	453	1	427	0.0	883
NC_036618.1_orf:0_1	UniRef50_P07975	52.366	655	302	7	9	663	1	645	0.0	706
NC_036618.1_orf:0_1	UniRef50_A0A220DLZ3	96.744	215	7	0	230	444	1	215	1.42e-151	444
NC_036618.1_orf:0_1	UniRef50_T2HQS4	53.392	339	154	3	25	363	1	335	8.94e-123	375
NC_036618.1_orf:0_1	UniRef50_A0A1W5QGI9	96.970	165	5	0	195	359	1	165	9.52e-112	340
NC_036618.1_orf:0_1	UniRef50_A0A1X9T5J5	30.632	617	377	20	9	618	1	573	1.29e-67	241
NC_036618.1_orf:0_1	UniRef50_A0A1X9T5G8	33.333	453	253	16	9	430	1	435	2.07e-51	197
NC_036618.1_orf:0_1	UniRef50_P0C0V9	35.106	376	189	16	74	428	30	371	1.31e-40	161
NC_036618.1_orf:0_1	UniRef50_A0A0K0KAR3	31.111	270	151	7	74	333	40	284	1.47e-26	118
NC_036618.1_orf:0_1	UniRef50_P15776	30.151	398	231	17	59	441	18	383	3.06e-26	120
NC_036617.1_orf:0_1	UniRef50_A0A088SHL1	98.913	552	6	0	10	561	1	552	0.0	1134
NC_036617.1_orf:0_1	UniRef50_Q6I7C0	39.921	506	286	7	16	512	9	505	4.06e-119	370
NC_036617.1_orf:0_1	UniRef50_A0A0E4B5A4	40.722	194	107	3	22	208	1	193	1.36e-39	150
NC_036617.1_orf:0_1	UniRef50_P04665	23.295	528	339	17	14	516	68	554	2.42e-15	87.8
NC_036617.1_orf:0_1	UniRef50_A5H3E3	26.667	240	150	6	263	497	49	267	2.77e-14	81.3
NC_036617.1_orf:0_1	UniRef50_A0A0R5QE54	27.099	262	162	8	263	516	198	438	1.24e-13	81.6
NC_036617.1_orf:0_1	UniRef50_P03466	23.301	515	330	19	16	510	20	489	1.53e-07	62.8
NC_036617.1_orf:0_1	UniRef50_A8CBS1	25.212	353	226	14	16	362	20	340	1.08e-06	59.7
NC_036617.1_orf:0_1	UniRef50_M1PF16	26.277	137	84	3	263	399	29	148	1.80e-06	56.6
NC_036616.1_orf:2_1	UniRef50_Q9IMP3	52.591	772	364	2	5	774	1	772	0.0	843
NC_036616.1_orf:2_1	UniRef50_Q9QLL6	26.918	795	521	22	9	776	1	762	1.37e-69	251
NC_036616.1_orf:2_1	UniRef50_P03427	25.316	790	528	21	13	776	5	758	1.32e-61	229
NC_036616.1_orf:2_1	UniRef50_U5N4D4	24.020	791	535	19	13	775	5	757	1.57e-58	220
NC_036616.1_orf:2_1	UniRef50_H6QM90	24.528	795	526	20	13	775	5	757	6.47e-57	216
NC_036616.1_orf:2_1	UniRef50_Q8B060	59.615	156	63	0	15	170	1	156	1.68e-56	197
NC_036616.1_orf:2_1	UniRef50_A0S741	30.366	382	255	6	13	392	14	386	1.53e-44	173
NC_036616.1_orf:2_1	UniRef50_G7WUZ3	24.000	650	455	17	144	776	1	628	4.45e-41	168
NC_036616.1_orf:2_1	UniRef50_U5XFM4	34.524	252	148	5	9	252	1	243	9.88e-32	141
NC_036616.1_orf:2_1	UniRef50_U5XFM4	28.079	203	128	7	587	776	566	763	7.32e-10	71.6
NC_036616.1_orf:2_1	UniRef50_H2KJ02	32.500	240	157	4	14	252	1	236	5.07e-31	130
NC_036615.1_orf:1_1	UniRef50_A0A0E4G393	99.070	753	7	0	7	759	1	753	0.0	1556
NC_036615.1_orf:1_1	UniRef50_Q9IMP4	72.703	751	205	0	7	757	1	751	0.0	1160
NC_036615.1_orf:1_1	UniRef50_A0A247Y3F2	99.452	547	3	0	7	553	1	547	0.0	1135
NC_036615.1_orf:1_1	UniRef50_P13871	41.879	745	418	8	7	742	1	739	0.0	575
NC_036615.1_orf:1_1	UniRef50_P03431	39.765	767	435	9	7	756	1	757	8.25e-178	535
NC_036615.1_orf:1_1	UniRef50_Q71FU9	39.160	595	343	7	8	593	1	585	1.12e-133	415
NC_036615.1_orf:1_1	UniRef50_A0A140EKJ3	41.957	460	258	4	290	742	282	739	4.17e-114	369
NC_036615.1_orf:1_1	UniRef50_A0A140EKJ3	36.585	164	99	3	7	168	1	161	2.41e-20	105
NC_036615.1_orf:1_1	UniRef50_A8C0B9	39.046	461	262	7	7	458	1	451	9.93e-95	310
NC_036615.1_orf:1_1	UniRef50_G2U144	41.192	369	207	3	397	756	21	388	1.63e-86	285
NC_036615.1_orf:1_1	UniRef50_Q919T1	40.960	354	204	1	389	737	2	355	1.31e-82	274
NC_036609.1_orf:0_1	UniRef50_A0A1P8SKH3	53.547	437	201	2	8	444	1	435	1.24e-169	491
NC_036609.1_orf:0_1	UniRef50_O40907	52.370	443	209	2	8	448	1	443	3.61e-155	454
NC_036609.1_orf:0_1	UniRef50_Q91QP5	48.980	441	220	3	8	444	1	440	6.37e-153	450
NC_036609.1_orf:0_1	UniRef50_C8ZL29	58.079	229	96	0	7	235	15	243	5.32e-93	289
NC_036609.1_orf:0_1	UniRef50_D8MIU7	75.000	76	19	0	49	124	5	80	2.84e-34	130
NC_036609.1_orf:0_1	UniRef50_X5CC23	41.176	102	60	0	343	444	1	102	3.17e-18	88.6
NC_036609.1_orf:0_1	UniRef50_H6S4T1	38.043	92	57	0	343	434	4	95	3.20e-11	68.9
NC_036609.1_orf:0_1	UniRef50_I3PCT0	21.854	453	292	21	14	433	3	426	6.40e-10	69.7
NC_036609.1_orf:0_1	UniRef50_P26002	20.706	425	300	14	23	434	19	419	1.91e-06	58.9
NC_036609.1_orf:4_1	UniRef50_A0A1C9T9I7	62.455	277	103	1	16	292	1	276	8.01e-126	367
NC_036609.1_orf:4_1	UniRef50_E7CT73	58.779	262	108	0	16	277	1	262	1.37e-106	318
NC_036609.1_orf:4_1	UniRef50_A0A098GZM2	66.857	175	57	1	36	210	5	178	8.14e-83	254
NC_036609.1_orf:4_1	UniRef50_I7CAR3	47.445	274	137	5	16	287	1	269	4.47e-76	240
NC_036609.1_orf:4_1	UniRef50_A4GW61	43.494	269	148	3	21	287	5	271	8.96e-74	234
NC_036609.1_orf:4_1	UniRef50_L0LBG8	65.409	159	55	0	123	281	1	159	5.80e-73	228
NC_036609.1_orf:4_1	UniRef50_Q7T6T8	50.000	194	95	1	69	260	3	196	6.89e-52	176
NC_036609.1_orf:4_1	UniRef50_A7LGL9	64.407	118	42	0	155	272	1	118	6.42e-50	168
NC_036609.1_orf:4_1	UniRef50_I4CMD7	54.839	155	70	0	106	260	16	170	1.18e-45	159
NC_036609.1_orf:4_1	UniRef50_A0A0K3AT30	64.103	117	41	1	15	131	3	118	5.56e-45	155
