NC_035450.1_orf:0_1	UniRef50_A0A220QTH8	56.597	288	107	5	8	288	1	277	1.09e-103	310
NC_035450.1_orf:0_1	UniRef50_A0A1L3KKP7	51.399	286	120	7	8	287	1	273	2.34e-89	274
NC_035450.1_orf:0_1	UniRef50_A0A220QTE5	49.655	290	133	5	1	287	9	288	4.91e-89	273
NC_035450.1_orf:0_1	UniRef50_A0A220QTF9	40.741	270	123	10	21	285	14	251	7.98e-45	159
NC_035450.1_orf:0_2	UniRef50_A0A220QTF5	100.000	107	0	0	4	110	1	107	1.22e-66	202
NC_035450.1_orf:1_1	UniRef50_A0A220QTG4	50.000	270	123	4	5	274	1	258	2.78e-81	253
NC_035450.1_orf:1_1	UniRef50_A0A220QTF4	47.232	271	129	6	5	271	1	261	3.34e-72	229
NC_035450.1_orf:1_1	UniRef50_A0A220QTH3	40.698	258	135	6	13	266	7	250	3.00e-47	166
NC_035450.1_orf:1_1	UniRef50_A0A220QTH4	37.450	251	140	4	18	266	5	240	1.52e-46	164
NC_035450.1_orf:1_1	UniRef50_H9XTK7	50.000	106	52	1	39	143	1	106	9.74e-28	110
NC_035450.1_orf:2_1	UniRef50_A0A220QTF3	100.000	298	0	0	3	300	1	298	0.0	594
NC_035450.1_orf:2_1	UniRef50_A0A220QTF8	48.772	285	134	4	17	297	22	298	6.90e-77	243
NC_035450.1_orf:2_1	UniRef50_A0A220QTH5	33.214	280	162	8	18	295	15	271	2.62e-24	106
NC_035450.1_orf:2_1	UniRef50_A0A220QTH2	34.722	144	89	2	151	294	117	255	1.32e-09	65.9
NC_035450.1_orf:2_1	UniRef50_A0A220QTH0	33.571	140	88	2	141	280	113	247	5.67e-06	55.1
NC_035450.1_orf:2_2	UniRef50_A0A220QTG0	100.000	495	0	0	10	504	1	495	0.0	1026
NC_035450.1_orf:2_2	UniRef50_A0A220QTE9	44.646	495	219	13	11	502	1	443	4.82e-122	372
NC_035450.1_orf:2_2	UniRef50_A0A1L3KKP3	50.411	365	155	7	11	373	1	341	2.62e-117	359
NC_035450.1_orf:2_2	UniRef50_A0A220QTI7	41.257	366	196	7	10	375	1	347	3.27e-85	278
NC_035450.1_orf:2_2	UniRef50_A0A220QTG8	42.162	370	189	8	11	374	1	351	3.86e-84	272
NC_035450.1_orf:2_3	UniRef50_A0A220QTG5	71.692	2275	625	7	28	2287	15	2285	0.0	3459
NC_035450.1_orf:2_3	UniRef50_A0A1L3KKV7	40.239	2341	1275	38	37	2287	11	2317	0.0	1743
NC_035450.1_orf:2_3	UniRef50_A5HB92	35.378	978	581	21	1322	2284	1204	2145	7.17e-163	565
NC_035450.1_orf:2_3	UniRef50_A5HB92	30.652	1119	664	32	32	1107	9	1058	5.93e-131	468
NC_035450.1_orf:2_3	UniRef50_A0A220QTH1	33.779	1122	664	30	1203	2280	1059	2145	7.51e-163	564
NC_035450.1_orf:2_3	UniRef50_A0A220QTH1	31.646	948	553	27	196	1107	164	1052	4.07e-124	446
NC_035450.1_orf:2_3	UniRef50_A0A1L3KKT0	25.087	861	543	30	1447	2267	1375	2173	2.61e-42	181
NC_035450.1_orf:2_3	UniRef50_A0A1L3KKT0	27.059	595	366	23	363	929	514	1068	8.18e-37	162
NC_035450.1_orf:2_3	UniRef50_A0A089FZT0	25.649	616	395	23	1674	2258	1158	1741	6.53e-36	159
NC_035450.1_orf:2_3	UniRef50_A0A089FZT0	25.000	184	125	5	728	899	533	715	6.14e-04	54.3
NC_035450.1_orf:2_3	UniRef50_A0A1L3KKW1	24.755	715	455	26	1585	2265	1023	1688	2.96e-33	150
NC_035450.1_orf:2_3	UniRef50_A0A218NJT6	25.985	685	436	24	1595	2255	1168	1805	4.41e-32	147
NC_035450.1_orf:2_3	UniRef50_A7LM73	25.197	635	425	18	1587	2204	2282	2883	3.65e-30	140
NC_035450.1_orf:2_3	UniRef50_A0A1D9CFP6	23.756	884	554	38	1420	2250	2187	3003	4.35e-30	140
NC_035450.1_orf:2_3	UniRef50_A0A1D9CFP6	20.527	531	350	17	481	970	1333	1832	1.27e-07	66.6
NC_034469.1_orf:2_1	UniRef50_A0A059XT07	99.862	727	0	1	1	726	1	727	0.0	1468
NC_034469.1_orf:2_1	UniRef50_A0A0B5KS44	31.334	667	412	8	44	706	39	663	2.14e-106	346
NC_034469.1_orf:2_1	UniRef50_A0A1L3KPG8	26.928	713	480	11	33	713	26	729	2.55e-102	337
NC_034469.1_orf:2_1	UniRef50_A0A0K8WMQ5	28.571	742	489	15	2	721	1	723	2.59e-99	329
NC_034469.1_orf:2_1	UniRef50_A0A0B5KU28	28.902	692	410	10	29	709	8	628	2.10e-98	324
NC_034469.1_orf:2_1	UniRef50_A0A1L3KPK2	28.324	752	463	15	29	719	27	763	1.68e-95	320
NC_034469.1_orf:2_1	UniRef50_A0A0B5KS28	26.441	798	482	18	5	717	1	778	1.26e-88	302
NC_034469.1_orf:2_1	UniRef50_A0A1Z2RTE1	30.785	484	324	5	241	717	156	635	3.71e-76	265
NC_034469.1_orf:2_1	UniRef50_A0A1Z2RTE1	26.490	151	107	2	29	176	8	157	3.08e-13	82.0
NC_034469.1_orf:2_1	UniRef50_A0A1L7B5M9	24.821	697	447	14	34	717	28	660	4.10e-66	239
NC_034469.1_orf:2_1	UniRef50_A0A1B3ILF7	24.965	705	457	17	15	667	8	692	6.76e-57	214
NC_034463.1_orf:2_1	UniRef50_A0A059XT43	100.000	396	0	0	5	400	1	396	0.0	823
NC_034463.1_orf:2_1	UniRef50_A0A0B5KS81	33.708	356	225	6	22	371	13	363	1.92e-62	213
NC_034463.1_orf:2_1	UniRef50_A0A1L3KPN3	32.716	324	168	4	69	390	65	340	2.31e-42	159
NC_034463.1_orf:2_1	UniRef50_A0A0K8VWE9	29.459	370	195	9	40	394	24	342	1.70e-35	140
NC_034463.1_orf:2_1	UniRef50_A0A1L3KPI7	30.945	307	154	6	54	357	47	298	4.99e-32	130
NC_034463.1_orf:2_1	UniRef50_A0A0B5KFK6	27.003	337	179	9	33	365	25	298	6.62e-29	124
NC_034463.1_orf:2_1	UniRef50_A0A1B3ILF8	26.374	364	201	9	30	387	20	322	6.62e-26	114
NC_034463.1_orf:2_1	UniRef50_A0A1L7B5M7	24.650	357	206	7	44	399	18	312	2.40e-23	107
NC_034463.1_orf:2_1	UniRef50_A0A059XN77	29.070	344	204	10	46	382	47	357	3.94e-23	108
NC_034463.1_orf:2_1	UniRef50_A0A0B5KKT5	36.872	179	100	3	197	368	131	303	5.28e-23	106
NC_034462.1_orf:2_1	UniRef50_A0A059XN71	99.953	2131	0	1	5	2134	1	2131	0.0	4436
NC_034462.1_orf:2_1	UniRef50_A0A0K8URH0	41.179	2086	1125	23	61	2109	67	2087	0.0	1567
NC_034462.1_orf:2_1	UniRef50_A0A0B5KXY6	39.057	2079	1140	23	74	2085	44	2062	0.0	1453
NC_034462.1_orf:2_1	UniRef50_A0A1L3KPH9	39.789	2086	1158	23	40	2090	27	2049	0.0	1451
NC_034462.1_orf:2_1	UniRef50_A0A0B5KTW8	39.624	2072	1155	23	50	2086	38	2048	0.0	1444
NC_034462.1_orf:2_1	UniRef50_A0A1W6R6I9	39.737	2051	1126	29	117	2123	128	2112	0.0	1419
NC_034462.1_orf:2_1	UniRef50_A0A0B5KXX2	35.772	2119	1241	24	58	2122	56	2108	0.0	1271
NC_034462.1_orf:2_1	UniRef50_A0A1L3KPL6	36.763	2070	1190	38	72	2099	61	2053	0.0	1266
NC_034462.1_orf:2_1	UniRef50_A0A1B3ILF6	35.203	2068	1214	33	61	2082	2	1989	0.0	1228
NC_034462.1_orf:2_1	UniRef50_A0A1L7B5J5	35.721	2094	1235	30	61	2117	52	2071	0.0	1218
NC_035484.1_orf:0_1	UniRef50_P26002	77.204	465	101	2	30	493	1	461	0.0	739
NC_035484.1_orf:0_1	UniRef50_D3K4B9	82.625	259	45	0	30	288	1	259	1.01e-157	455
NC_035484.1_orf:0_1	UniRef50_H6S4T1	77.206	136	31	0	358	493	2	137	7.04e-66	216
NC_035484.1_orf:0_1	UniRef50_I3PCT0	24.074	432	307	9	46	461	11	437	4.50e-28	124
NC_035484.1_orf:0_1	UniRef50_O40907	25.587	426	290	11	44	451	13	429	1.29e-21	105
NC_035484.1_orf:0_1	UniRef50_A0A1P8SKH3	22.883	437	277	11	48	451	16	425	1.43e-10	72.0
NC_035484.1_orf:0_1	UniRef50_Q91QP5	22.410	415	301	10	53	451	21	430	3.64e-06	58.2
NC_035484.1_orf:0_1	UniRef50_T2HWH1	22.518	413	283	15	46	434	13	412	5.56e-05	54.3
NC_035484.1_orf:4_1	UniRef50_P25999	79.070	258	54	0	6	263	1	258	1.33e-153	435
NC_035484.1_orf:4_1	UniRef50_E2S0A4	75.591	254	62	0	6	259	1	254	6.19e-143	408
NC_035484.1_orf:4_1	UniRef50_Q09EZ0	89.706	204	21	0	6	209	1	204	1.58e-132	379
NC_035484.1_orf:4_1	UniRef50_Q01808	56.746	252	101	3	6	251	1	250	4.57e-97	292
NC_035484.1_orf:4_1	UniRef50_F5B551	83.974	156	25	0	31	186	1	156	7.13e-92	275
NC_035484.1_orf:4_1	UniRef50_R4JM79	58.586	198	74	3	60	251	1	196	4.35e-76	236
NC_035484.1_orf:4_1	UniRef50_Q67678	82.292	96	17	0	6	101	1	96	3.53e-50	167
NC_035484.1_orf:4_1	UniRef50_A0A0E3JI35	79.381	97	20	0	6	102	1	97	1.45e-46	157
NC_035484.1_orf:4_1	UniRef50_F2Y3J3	55.172	145	57	3	6	144	1	143	2.61e-46	158
NC_035484.1_orf:4_1	UniRef50_S5MIY2	78.824	85	18	0	6	90	1	85	8.07e-41	142
