NC_035190.1_orf:0_3	UniRef50_A0A218MK52	100.000	237	0	0	3	239	1	237	7.36e-174	484
NC_035190.1_orf:0_3	UniRef50_A0A1I7P2Z4	43.290	231	117	5	3	225	1	225	2.28e-49	169
NC_035190.1_orf:0_3	UniRef50_Q64963	42.342	222	127	1	3	223	1	222	1.12e-48	166
NC_035190.1_orf:0_3	UniRef50_B9UZ42	40.789	228	130	4	3	225	1	228	1.28e-43	154
NC_035190.1_orf:0_3	UniRef50_A0A0A7MB56	42.982	228	123	6	3	225	1	226	2.40e-42	150
NC_035190.1_orf:0_3	UniRef50_Q02109	40.265	226	132	3	3	225	1	226	9.99e-42	149
NC_035190.1_orf:0_3	UniRef50_Q2TJB0	41.629	221	125	4	3	221	1	219	1.14e-41	149
NC_035190.1_orf:0_3	UniRef50_E0D4K1	42.081	221	124	4	3	221	1	219	2.67e-41	147
NC_035190.1_orf:0_3	UniRef50_C0L9E2	38.938	226	135	3	3	226	1	225	5.41e-41	147
NC_035190.1_orf:0_3	UniRef50_Q91ND6	42.342	222	122	4	3	221	1	219	8.37e-41	146
NC_035190.1_orf:0_5	UniRef50_A0A218MK30	100.000	302	0	0	9	310	1	302	0.0	631
NC_035190.1_orf:0_5	UniRef50_Q2V0R6	44.041	193	107	1	107	298	17	209	2.99e-47	165
NC_035190.1_orf:0_5	UniRef50_A0A1W5VPK2	39.062	192	117	0	106	297	13	204	5.78e-46	162
NC_035190.1_orf:0_5	UniRef50_V5V388	39.806	206	118	3	108	310	69	271	6.64e-42	153
NC_035190.1_orf:0_5	UniRef50_A0A096XMC1	40.426	188	111	1	123	310	27	213	1.10e-40	148
NC_035190.1_orf:0_5	UniRef50_A0A220NQ80	40.415	193	114	1	118	310	26	217	3.32e-40	147
NC_035190.1_orf:0_5	UniRef50_K4MQK1	40.909	198	115	2	102	298	54	250	1.36e-39	147
NC_035190.1_orf:0_5	UniRef50_P09502	43.558	163	90	2	121	281	18	180	1.59e-37	139
NC_035190.1_orf:0_5	UniRef50_P16486	43.529	170	96	0	127	296	26	195	7.33e-36	135
NC_035190.1_orf:0_5	UniRef50_P17782	43.293	164	92	1	117	279	40	203	1.23e-34	133
NC_035190.1_orf:1_1	UniRef50_A0A218MK55	100.000	1513	0	0	2	1514	1	1513	0.0	3163
NC_035190.1_orf:1_1	UniRef50_A0A1W5R2W3	44.240	1519	753	19	2	1501	1	1444	0.0	1165
NC_035190.1_orf:1_1	UniRef50_A0A1L3KK23	58.186	849	341	4	661	1505	167	1005	0.0	1011
NC_035190.1_orf:1_1	UniRef50_A0A1L3KK23	40.110	182	96	3	299	477	2	173	5.24e-28	132
NC_035190.1_orf:1_1	UniRef50_Q2V0S0	54.360	929	401	6	592	1508	584	1501	0.0	1008
NC_035190.1_orf:1_1	UniRef50_Q2V0S0	51.707	410	191	1	2	411	1	403	1.70e-123	430
NC_035190.1_orf:1_1	UniRef50_Q5G7H3	55.608	847	367	4	666	1505	460	1304	0.0	947
NC_035190.1_orf:1_1	UniRef50_Q5G7H3	48.184	413	200	4	2	408	1	405	5.92e-117	408
NC_035190.1_orf:1_1	UniRef50_P28897	56.341	820	353	5	682	1501	493	1307	0.0	945
NC_035190.1_orf:1_1	UniRef50_P28897	49.165	419	201	3	1	408	1	418	1.14e-121	421
NC_035190.1_orf:1_1	UniRef50_A0A1W5VPI1	55.030	845	364	4	671	1507	460	1296	0.0	941
NC_035190.1_orf:1_1	UniRef50_A0A1W5VPI1	45.114	481	245	7	2	471	1	473	1.89e-117	409
NC_035190.1_orf:1_1	UniRef50_Q8B085	54.327	832	365	7	680	1502	594	1419	0.0	910
NC_035190.1_orf:1_1	UniRef50_Q8B085	45.957	470	239	5	2	458	1	468	1.41e-119	417
NC_035190.1_orf:1_1	UniRef50_UPI0000167E42	50.805	870	413	5	648	1513	811	1669	0.0	905
NC_035190.1_orf:1_1	UniRef50_UPI0000167E42	41.827	416	226	4	2	408	1	409	5.14e-97	353
NC_035190.1_orf:1_1	UniRef50_B3CJG2	53.726	832	371	7	681	1504	822	1647	0.0	903
NC_035190.1_orf:1_1	UniRef50_B3CJG2	52.311	411	196	0	2	412	1	411	2.06e-130	452
NC_035190.1_orf:1_2	UniRef50_A0A218MK54	100.000	113	0	0	35	147	1	113	1.27e-76	229
NC_035190.1_orf:1_2	UniRef50_Q629I8	52.632	95	42	1	35	126	1	95	9.36e-22	90.9
NC_035190.1_orf:1_2	UniRef50_B0I2Z4	43.590	117	55	4	35	147	1	110	5.24e-18	81.3
NC_035190.1_orf:1_2	UniRef50_Q0VZC9	50.746	67	33	0	35	101	1	67	1.20e-15	75.1
NC_035190.1_orf:1_2	UniRef50_P37989	52.055	73	34	1	35	107	1	72	3.25e-15	73.9
NC_035190.1_orf:1_2	UniRef50_P27332	41.000	100	57	1	35	132	1	100	5.17e-15	73.6
NC_035190.1_orf:1_2	UniRef50_P0C787	44.944	89	46	2	37	123	8	95	5.65e-15	73.6
NC_035190.1_orf:1_2	UniRef50_Q2V0R8	38.596	114	67	3	35	145	1	114	5.68e-15	73.9
NC_035190.1_orf:1_2	UniRef50_Q07519	59.016	61	25	0	37	97	7	67	6.52e-15	73.6
NC_035190.1_orf:1_2	UniRef50_J7GU58	34.862	109	64	2	35	140	1	105	1.86e-14	72.0
NC_035190.1_orf:2_7	UniRef50_A0A218MK29	100.000	93	0	0	6	98	1	93	1.21e-63	194
NC_035190.1_orf:2_7	UniRef50_C0L9E4	31.507	73	47	2	6	76	1	72	1.27e-06	49.7
NC_035190.1_orf:2_7	UniRef50_A0A0S2SVF5	35.185	54	35	0	16	69	14	67	3.48e-04	43.1
NC_035187.1_orf:0_1	UniRef50_A0A1C9U5B5	79.318	3341	627	58	1	3278	1	3340	0.0	5385
NC_035187.1_orf:0_1	UniRef50_A0A1Z1EBU7	80.826	3317	573	58	24	3277	24	3340	0.0	5353
NC_035187.1_orf:0_1	UniRef50_A0A1C9U5I9	81.366	1991	333	35	1187	3140	1	1990	0.0	3300
NC_035187.1_orf:0_1	UniRef50_C8AWQ5	40.503	3380	1820	95	9	3272	55	3359	0.0	2161
NC_035187.1_orf:0_1	UniRef50_P33515	39.258	3398	1818	103	9	3272	54	3339	0.0	2067
NC_035187.1_orf:0_1	UniRef50_A0A0M4CTV9	38.117	3442	1896	92	6	3267	7	3394	0.0	2047
NC_035187.1_orf:0_1	UniRef50_A0A1S6PCZ4	37.746	3309	1843	86	111	3272	176	3414	0.0	2001
NC_035187.1_orf:0_1	UniRef50_M9WEA6	37.889	3410	1865	99	4	3272	42	3339	0.0	1957
NC_035187.1_orf:0_1	UniRef50_S6CXM3	37.686	3285	1778	95	56	3177	101	3279	0.0	1889
NC_035187.1_orf:0_1	UniRef50_A0A142KWE1	45.271	2030	1016	52	1312	3272	1409	3412	0.0	1604
NC_035187.1_orf:0_1	UniRef50_A0A142KWE1	29.975	1191	722	32	32	1130	82	1252	1.06e-134	486
