NC_036585.1_orf:1_1	UniRef50_A0A1S6WNA4	25.049	1521	998	46	273	1694	329	1806	7.40e-98	364
NC_036585.1_orf:1_1	UniRef50_A0A1S6WNA4	29.950	808	502	17	1970	2735	2252	3037	3.38e-86	326
NC_036585.1_orf:1_1	UniRef50_A0A1L3KKS1	30.968	775	499	12	1986	2743	2342	3097	3.67e-88	332
NC_036585.1_orf:1_1	UniRef50_A0A1L3KKS1	24.658	292	192	10	482	755	809	1090	6.84e-05	58.2
NC_036585.1_orf:1_1	UniRef50_A0A1L3KKS1	20.772	337	249	5	1395	1715	1640	1974	7.56e-05	57.8
NC_036585.1_orf:1_1	UniRef50_X5G6F4	31.976	663	434	11	2073	2726	2286	2940	4.86e-85	322
NC_036585.1_orf:1_1	UniRef50_X5G6F4	22.577	1568	1053	51	213	1681	277	1782	1.22e-60	241
NC_036585.1_orf:1_1	UniRef50_W8BTE9	21.364	2757	1773	96	260	2748	351	2980	6.03e-85	322
NC_036585.1_orf:1_1	UniRef50_X5I3Z2	30.186	805	496	22	1968	2729	2360	3141	3.66e-83	316
NC_036585.1_orf:1_1	UniRef50_X5I3Z2	27.536	414	261	11	1285	1671	1508	1909	6.25e-26	127
NC_036585.1_orf:1_1	UniRef50_X5I3Z2	21.943	597	402	22	256	822	342	904	9.86e-14	87.0
NC_036585.1_orf:1_1	UniRef50_A0A1L3KKR5	32.853	694	412	20	2035	2693	2170	2844	2.91e-82	313
NC_036585.1_orf:1_1	UniRef50_A0A1L3KKR5	22.807	1539	1012	51	310	1775	275	1710	7.05e-57	229
NC_036585.1_orf:1_1	UniRef50_W6CLS3	29.922	772	521	13	1973	2732	2254	3017	7.18e-82	311
NC_036585.1_orf:1_1	UniRef50_W6CLS3	21.675	1564	1075	50	215	1681	322	1832	4.00e-53	217
NC_036585.1_orf:1_1	UniRef50_A0A1D9CFP6	31.877	618	394	10	2119	2729	2418	3015	1.03e-79	304
NC_036585.1_orf:1_1	UniRef50_A0A1D9CFP6	23.187	910	534	33	928	1720	997	1858	1.52e-34	155
NC_036585.1_orf:1_1	UniRef50_A0A1D9CFP6	22.494	449	301	18	310	740	385	804	4.16e-16	95.1
NC_036585.1_orf:1_1	UniRef50_A0A1L3KKN0	33.613	595	369	12	2172	2744	2362	2952	3.98e-79	302
NC_036585.1_orf:1_1	UniRef50_A0A1L3KKN0	23.262	1582	981	60	310	1786	349	1802	1.41e-58	235
NC_036585.1_orf:1_1	UniRef50_Q6XMI0	34.459	592	355	14	2168	2738	986	1565	9.54e-79	299
NC_036585.1_orf:1_1	UniRef50_Q6XMI0	27.628	333	229	6	1358	1681	35	364	5.33e-20	107
NC_036584.1_orf:0_1	UniRef50_P15423	64.298	1168	398	7	195	1355	18	1173	0.0	1547
NC_036584.1_orf:0_1	UniRef50_S5YGT1	63.131	1169	407	9	195	1355	18	1170	0.0	1506
NC_036584.1_orf:0_1	UniRef50_B1PHK2	47.046	1371	662	25	17	1355	37	1375	0.0	1194
NC_036584.1_orf:0_1	UniRef50_A0A1W5YKT3	44.957	1408	702	24	1	1355	8	1395	0.0	1162
NC_036584.1_orf:0_1	UniRef50_F1DB14	43.081	1402	732	25	1	1355	1	1383	0.0	1134
NC_036584.1_orf:0_1	UniRef50_A0A0U1UZD0	45.004	1371	681	24	28	1355	3	1343	0.0	1130
NC_036584.1_orf:0_1	UniRef50_S5YNL4	45.892	1351	689	21	28	1355	33	1364	0.0	1122
NC_036584.1_orf:0_1	UniRef50_Q91AV1	45.559	1396	698	28	3	1355	7	1383	0.0	1087
NC_036584.1_orf:0_1	UniRef50_A4ULL0	45.217	1338	639	26	24	1320	33	1317	0.0	1067
NC_036584.1_orf:0_1	UniRef50_Q0Q466	44.767	1376	693	31	19	1355	24	1371	0.0	1064
NC_036583.1_orf:0_1	UniRef50_A0A1Y0DCJ8	44.801	904	430	14	2	894	10	855	0.0	739
NC_036583.1_orf:0_1	UniRef50_K0BZ46	45.069	943	416	21	2	887	14	911	0.0	706
NC_036583.1_orf:0_1	UniRef50_A0A1S7IV66	43.246	918	459	13	2	907	13	880	0.0	681
NC_036583.1_orf:0_1	UniRef50_A0A1S7IV61	43.285	901	451	11	2	890	13	865	0.0	669
NC_036583.1_orf:0_1	UniRef50_A0A0G4ANC7	33.232	984	480	26	1	891	14	913	9.27e-135	434
NC_036583.1_orf:0_1	UniRef50_G8E3V3	33.829	875	464	19	31	889	39	814	7.64e-131	420
NC_036583.1_orf:0_1	UniRef50_A0A060BCX1	34.122	888	458	27	21	891	13	790	7.56e-125	404
NC_036583.1_orf:0_1	UniRef50_R4N560	49.667	451	180	12	467	887	1	434	1.91e-118	375
NC_036583.1_orf:0_1	UniRef50_A0A060BGV0	33.937	884	458	27	31	897	20	794	6.37e-117	394
NC_036583.1_orf:0_1	UniRef50_A0A0K2D825	32.803	817	428	16	33	830	41	755	6.87e-109	372
NC_036583.1_orf:0_3	UniRef50_A0A1U9XRS9	37.209	86	54	0	23	108	4	89	1.25e-04	45.8
NC_036583.1_orf:0_4	UniRef50_A0A1L4A1J7	35.612	834	422	25	101	885	67	834	8.03e-127	409
NC_036583.1_orf:0_4	UniRef50_A0A0G4AKM9	50.000	422	192	6	21	438	37	443	6.27e-117	385
NC_036583.1_orf:0_4	UniRef50_A0A0G4AKM9	38.750	80	46	1	808	887	843	919	5.22e-08	65.9
NC_036583.1_orf:0_4	UniRef50_G8E3W3	33.931	837	402	25	111	885	77	824	1.57e-116	382
NC_036583.1_orf:0_4	UniRef50_A0A0M4U1Q8	47.202	411	206	4	22	428	7	410	3.43e-116	379
NC_036583.1_orf:0_4	UniRef50_A0A060BMA6	42.458	537	282	7	22	558	7	516	4.11e-116	379
NC_036583.1_orf:0_4	UniRef50_A0A1L2IWS5	33.413	835	459	20	53	877	22	769	1.16e-114	375
NC_036583.1_orf:0_4	UniRef50_R4MSW9	43.414	539	254	14	71	583	43	556	3.15e-112	370
NC_036583.1_orf:0_4	UniRef50_R4MSW9	34.074	135	73	2	758	892	702	820	2.73e-07	63.5
NC_036583.1_orf:0_4	UniRef50_A0A0K0NJE7	40.299	536	255	12	65	584	36	522	3.92e-112	368
NC_036583.1_orf:0_4	UniRef50_A0A1S7IVC9	50.404	371	160	6	101	451	67	433	5.13e-109	357
NC_036583.1_orf:0_4	UniRef50_E3TB09	52.326	344	140	6	101	424	67	406	4.89e-105	352
NC_036583.1_orf:2_1	UniRef50_R4N1J0	72.689	476	130	0	32	507	4	479	0.0	748
NC_036583.1_orf:2_1	UniRef50_A0A1S7IV61	69.368	506	153	1	7	512	859	1362	0.0	730
NC_036583.1_orf:2_1	UniRef50_A0A0K2D825	59.883	511	199	4	4	512	806	1312	0.0	602
NC_036583.1_orf:2_1	UniRef50_A0A0M5MYM6	57.198	514	206	6	2	509	758	1263	0.0	593
NC_036583.1_orf:2_1	UniRef50_A0A060BGV0	58.858	508	203	4	7	512	783	1286	0.0	593
NC_036583.1_orf:2_1	UniRef50_Q9IFX2	59.274	496	189	6	22	507	921	1413	0.0	587
NC_036583.1_orf:2_1	UniRef50_W5X2P8	58.283	501	195	7	22	512	906	1402	0.0	578
NC_036583.1_orf:2_1	UniRef50_G1JYV7	53.385	517	227	6	2	507	19	532	0.0	553
NC_036583.1_orf:2_1	UniRef50_D0EHJ9	55.819	507	215	7	6	507	5	507	0.0	530
NC_036583.1_orf:2_1	UniRef50_A0A1I9ZJ77	55.819	507	215	7	6	507	763	1265	1.62e-177	540
