NC_035452.1_orf:0_1	UniRef50_A0A221HZL3	100.000	280	0	0	9	288	1	280	0.0	565
NC_035452.1_orf:0_1	UniRef50_Q283N2	42.017	119	61	2	172	284	98	214	7.73e-20	93.2
NC_035452.1_orf:0_1	UniRef50_Q9IWA0	32.394	213	127	4	89	284	5	217	1.09e-18	94.0
NC_035452.1_orf:0_1	UniRef50_Q0Z8E1	39.130	69	42	0	204	272	21	89	1.56e-05	52.8
NC_035452.1_orf:0_1	UniRef50_C5J070	40.580	69	41	0	204	272	213	281	3.16e-05	53.1
NC_035452.1_orf:0_1	UniRef50_P15187	40.909	66	39	0	207	272	216	281	3.63e-05	53.5
NC_035452.1_orf:0_1	UniRef50_A0A1Z2THT6	26.036	169	82	5	135	265	8	171	4.80e-05	51.6
NC_035452.1_orf:0_2	UniRef50_A0A221HZL3	100.000	520	0	0	1	520	282	801	0.0	1084
NC_035452.1_orf:0_2	UniRef50_Q2ERI7	61.036	521	196	4	1	520	18	532	0.0	642
NC_035452.1_orf:0_2	UniRef50_Q9IWA0	60.845	521	193	6	1	518	224	736	0.0	634
NC_035452.1_orf:0_2	UniRef50_P15187	47.276	514	254	11	1	506	298	802	4.72e-142	436
NC_035452.1_orf:0_2	UniRef50_A0A1L3KH37	42.942	503	272	6	1	497	146	639	3.47e-122	380
NC_035452.1_orf:0_2	UniRef50_A0A1L3KGS9	46.065	432	223	5	68	492	1	429	4.77e-120	368
NC_035452.1_orf:0_2	UniRef50_A0A1L3KFW2	42.184	467	258	4	60	515	3	468	1.75e-117	362
NC_035452.1_orf:0_2	UniRef50_P11640	43.326	457	243	4	56	499	484	937	8.89e-117	374
NC_035452.1_orf:0_2	UniRef50_Q56TL0	39.698	529	286	9	1	508	242	758	5.89e-116	367
NC_035452.1_orf:0_2	UniRef50_A0A1L3KG07	41.702	470	261	5	43	500	12	480	1.81e-115	357
NC_035452.1_orf:1_3	UniRef50_Q70P82	65.812	117	40	0	2	118	1	117	1.30e-51	166
NC_035452.1_orf:1_3	UniRef50_Q2ERI3	48.276	116	60	0	2	117	1	116	3.32e-35	124
NC_035452.1_orf:1_3	UniRef50_Q9QBU1	46.774	124	66	0	2	125	1	124	3.12e-31	114
NC_035452.1_orf:1_3	UniRef50_Q283M9	45.968	124	67	0	2	125	1	124	1.58e-26	103
NC_035452.1_orf:2_1	UniRef50_A0A221HZM2	100.000	453	0	0	71	523	1	453	0.0	930
NC_035452.1_orf:2_1	UniRef50_V5NGY5	39.489	352	197	8	181	523	38	382	7.18e-68	230
NC_035452.1_orf:2_1	UniRef50_A0A286N602	36.096	374	197	12	149	499	4	358	2.75e-49	181
NC_035452.1_orf:2_1	UniRef50_A0A1L3KE85	35.854	357	211	9	155	498	1	352	9.02e-49	180
NC_035452.1_orf:2_1	UniRef50_A0A1L3KEG8	32.673	303	193	5	168	462	22	321	5.64e-42	162
NC_035452.1_orf:2_1	UniRef50_A0A1L3KGR6	28.852	305	200	8	172	469	249	543	4.38e-19	99.4
NC_035452.1_orf:2_1	UniRef50_A0A1L3KFW9	26.236	263	155	7	126	367	72	316	6.22e-14	82.8
NC_035452.1_orf:2_1	UniRef50_B1B1T2	23.248	314	198	10	127	429	25	306	4.59e-04	51.2
NC_035452.1_orf:2_1	UniRef50_A0A1L3KG32	24.597	248	165	9	154	398	46	274	8.59e-04	50.4
NC_035452.1_orf:2_2	UniRef50_Q70P83	60.930	215	83	1	13	226	1	215	2.12e-86	262
NC_035452.1_orf:2_2	UniRef50_Q2ERI4	62.346	162	58	2	13	172	1	161	3.93e-67	211
NC_035452.1_orf:2_2	UniRef50_Q9QBU2	51.515	198	90	3	13	208	1	194	3.85e-64	206
NC_035452.1_orf:2_2	UniRef50_P11691	31.111	135	90	3	44	176	35	168	2.76e-07	57.0
NC_035451.1_orf:0_5	UniRef50_Q9QQN7	86.224	196	27	0	21	216	1	196	7.56e-97	287
NC_035451.1_orf:0_5	UniRef50_F8RUN2	85.714	196	28	0	21	216	1	196	5.25e-96	285
NC_035451.1_orf:0_5	UniRef50_H9NAD9	86.224	196	27	0	21	216	1	196	6.68e-96	287
NC_035451.1_orf:0_5	UniRef50_Q9WI46	85.714	196	28	0	21	216	1	196	2.81e-95	283
NC_035451.1_orf:0_5	UniRef50_D6BJK1	84.564	149	23	0	21	169	1	149	3.30e-64	202
NC_035451.1_orf:0_5	UniRef50_A0A1Z1G754	57.055	163	65	3	56	215	38	198	3.27e-48	174
NC_035451.1_orf:0_5	UniRef50_A0A1I9W769	56.849	146	61	1	71	216	55	198	4.90e-46	168
NC_035451.1_orf:0_5	UniRef50_A0A0G2UPZ4	50.685	146	71	1	72	216	60	205	1.95e-41	154
NC_035451.1_orf:0_5	UniRef50_Q00010	49.664	149	72	2	69	216	53	199	3.78e-41	145
NC_035451.1_orf:0_5	UniRef50_Q00011	50.360	139	68	1	79	216	62	200	4.53e-41	145
NC_035451.1_orf:0_6	UniRef50_Q9JH75	55.217	460	186	8	25	477	25	471	1.95e-134	403
NC_035451.1_orf:0_6	UniRef50_R9U127	42.739	482	224	12	1	472	201	640	1.27e-103	330
NC_035451.1_orf:0_6	UniRef50_A0A165G9A9	43.198	419	200	12	55	468	1	386	1.93e-91	290
NC_035451.1_orf:0_6	UniRef50_Q84711	59.804	204	81	1	25	227	221	424	1.19e-76	255
NC_035451.1_orf:0_6	UniRef50_A0A166J1S0	56.650	203	87	1	25	226	219	421	1.55e-76	255
NC_035451.1_orf:0_6	UniRef50_A0A1L3KEC6	37.156	436	212	13	41	474	2	377	2.13e-71	238
NC_035451.1_orf:0_6	UniRef50_A0A0G2UPZ4	51.980	202	96	1	25	225	228	429	4.54e-68	234
NC_035451.1_orf:0_6	UniRef50_A0A097RN44	42.606	284	156	5	25	301	245	528	4.53e-66	232
NC_035451.1_orf:0_6	UniRef50_A0A1B2YKI8	58.564	181	74	1	25	204	31	211	7.18e-66	218
NC_035451.1_orf:0_6	UniRef50_E5GAA9	46.890	209	109	2	21	227	233	441	2.51e-56	206
NC_035451.1_orf:1_1	UniRef50_A0A220T7M9	100.000	272	0	0	20	291	1	272	0.0	566
NC_035451.1_orf:1_1	UniRef50_Q2L3I6	28.458	253	172	5	20	265	1	251	6.46e-20	94.4
NC_035451.1_orf:1_1	UniRef50_Q70AE5	30.108	186	126	3	82	265	1	184	3.03e-16	82.8
NC_035451.1_orf:1_3	UniRef50_A0A220T7M8	99.130	575	5	0	2	576	471	1045	0.0	1190
NC_035451.1_orf:1_3	UniRef50_Q2L3H9	79.365	567	115	2	9	574	505	1070	0.0	952
NC_035451.1_orf:1_3	UniRef50_O09709	63.705	529	183	5	52	576	93	616	0.0	676
NC_035451.1_orf:1_3	UniRef50_P17520	59.492	590	212	9	1	576	486	1062	0.0	676
NC_035451.1_orf:1_3	UniRef50_R9U1R7	58.246	570	230	4	5	568	470	1037	0.0	672
NC_035451.1_orf:1_3	UniRef50_A0A0P0HWB6	63.095	504	186	0	65	568	545	1048	0.0	672
NC_035451.1_orf:1_3	UniRef50_P09507	57.636	550	227	3	23	568	477	1024	0.0	658
NC_035451.1_orf:1_3	UniRef50_A0A1S6PCS1	60.894	537	204	3	34	568	561	1093	0.0	655
NC_035451.1_orf:1_3	UniRef50_Q91AW0	59.404	537	207	3	40	568	540	1073	0.0	649
NC_035451.1_orf:1_3	UniRef50_A0A1Y0EXW0	56.918	571	236	5	7	568	492	1061	0.0	648
NC_035451.1_orf:1_4	UniRef50_A0A220T7N5	100.000	150	0	0	10	159	1	150	8.57e-105	303
NC_035451.1_orf:1_4	UniRef50_Q9WI47	74.000	150	39	0	10	159	1	150	6.05e-69	212
NC_035451.1_orf:1_4	UniRef50_D5IC99	71.277	94	27	0	66	159	1	94	6.00e-32	116
NC_035451.1_orf:1_4	UniRef50_R9UEL9	36.800	125	79	0	17	141	6	130	4.06e-12	67.8
NC_035451.1_orf:1_4	UniRef50_P09513	37.719	114	71	0	17	130	7	120	5.57e-12	67.4
NC_035451.1_orf:1_4	UniRef50_P09512	38.843	121	68	3	8	124	3	121	7.45e-12	67.4
NC_035451.1_orf:1_4	UniRef50_A0A1L2BUY4	40.000	115	60	3	22	130	21	132	2.47e-08	57.4
NC_035451.1_orf:1_4	UniRef50_P09511	34.711	121	73	3	8	124	3	121	6.70e-08	57.0
NC_035451.1_orf:1_4	UniRef50_W8JC60	37.405	131	77	3	9	136	4	132	1.01e-07	56.6
NC_035451.1_orf:1_4	UniRef50_A0A1U8ZTG4	39.130	92	54	1	11	100	4	95	1.89e-07	53.9
NC_035451.1_orf:2_1	UniRef50_A0A220T7N6	100.000	623	0	0	55	677	1	623	0.0	1292
NC_035451.1_orf:2_1	UniRef50_A0A220T7M8	100.000	478	0	0	55	532	1	478	0.0	1001
NC_035451.1_orf:2_1	UniRef50_Q2L3J0	50.812	616	264	8	94	677	42	650	0.0	610
NC_035451.1_orf:2_1	UniRef50_Q70AE9	47.189	498	244	9	66	554	7	494	1.68e-152	468
NC_035451.1_orf:2_1	UniRef50_Q2L3H9	44.627	549	283	9	58	596	7	544	5.38e-148	464
NC_035451.1_orf:2_1	UniRef50_P09506	33.392	572	342	13	119	674	59	607	8.91e-86	288
NC_035451.1_orf:2_1	UniRef50_Q670I3	34.010	591	322	16	115	672	63	618	9.77e-85	286
NC_035451.1_orf:2_1	UniRef50_A0A1L3KEC4	36.323	446	251	9	249	672	17	451	4.76e-77	261
NC_035451.1_orf:2_1	UniRef50_P17519	28.978	597	359	15	123	677	66	639	2.33e-72	253
NC_035451.1_orf:2_1	UniRef50_Q83737	32.252	555	286	13	201	674	111	656	1.48e-71	252
NC_035451.1_orf:2_3	UniRef50_A0A220T7N7	97.727	44	1	0	48	91	1	44	5.37e-22	87.4
NC_035451.1_orf:2_3	UniRef50_A0A1Y0EXV5	54.545	44	20	0	48	91	1	44	5.03e-09	54.7
NC_035451.1_orf:2_3	UniRef50_A0A1W6IZY1	47.727	44	23	0	48	91	1	44	5.18e-07	49.7
NC_035462.1_orf:0_1	UniRef50_F4ZNH0	58.612	389	161	0	11	399	1	389	1.07e-167	481
NC_035462.1_orf:0_1	UniRef50_A0A0A0P507	26.562	192	137	4	11	199	1	191	9.41e-13	77.0
NC_035462.1_orf:0_1	UniRef50_E8ZF49	22.318	233	171	5	11	239	1	227	2.12e-12	77.0
NC_035462.1_orf:0_1	UniRef50_V5V0V6	27.811	169	109	6	71	235	2	161	1.47e-08	61.6
NC_035462.1_orf:0_1	UniRef50_A0A0B5KRN7	28.177	181	113	6	33	199	16	193	1.48e-07	61.2
NC_035462.1_orf:0_1	UniRef50_G9FIH1	25.781	128	93	2	72	198	63	189	4.61e-07	59.7
NC_035462.1_orf:0_1	UniRef50_P0C1U3	22.831	219	161	4	11	227	1	213	1.08e-06	58.5
NC_035462.1_orf:0_1	UniRef50_V5V0V3	28.571	126	82	3	8	133	4	121	1.46e-06	55.8
NC_035462.1_orf:0_1	UniRef50_Q9E7N8	25.455	165	112	4	53	208	35	197	1.85e-06	57.8
NC_035462.1_orf:0_1	UniRef50_A9JQJ6	25.309	162	116	5	33	191	22	181	4.44e-06	57.0
NC_035462.1_orf:1_1	UniRef50_K4P3S8	53.014	2256	998	11	2	2226	1	2225	0.0	2351
NC_035462.1_orf:1_1	UniRef50_G9FIH0	38.164	904	474	18	793	1657	17	874	3.15e-162	532
NC_035462.1_orf:1_1	UniRef50_A0A1W5W6E2	40.073	821	442	16	861	1654	1011	1808	1.08e-155	538
NC_035462.1_orf:1_1	UniRef50_A0A1W5W6E2	28.118	441	293	8	4	436	4	428	9.27e-47	195
NC_035462.1_orf:1_1	UniRef50_Q993S7	36.897	870	484	12	795	1654	935	1749	1.42e-153	531
NC_035462.1_orf:1_1	UniRef50_Q993S7	33.176	425	251	14	2	407	1	411	1.02e-42	181
NC_035462.1_orf:1_1	UniRef50_A0A1W6FBN6	39.222	900	470	18	794	1657	983	1841	1.04e-152	530
NC_035462.1_orf:1_1	UniRef50_A0A1W6FBN6	33.107	441	252	10	2	429	1	411	1.75e-52	214
NC_035462.1_orf:1_1	UniRef50_A0A0H3YBN9	40.072	836	450	19	847	1661	1176	1981	1.86e-152	531
NC_035462.1_orf:1_1	UniRef50_A0A0H3YBN9	28.744	414	271	7	1	403	1	401	5.85e-37	163
NC_035462.1_orf:1_1	UniRef50_P27738	39.038	894	478	16	795	1657	985	1842	8.29e-152	527
NC_035462.1_orf:1_1	UniRef50_P27738	32.805	442	252	10	2	429	1	411	1.23e-52	214
NC_035462.1_orf:1_1	UniRef50_A0A1L3KK71	34.111	1029	576	21	678	1664	93	1061	8.71e-149	499
NC_035462.1_orf:1_1	UniRef50_Q9IH80	37.171	912	485	20	784	1661	1167	2024	6.21e-148	518
NC_035462.1_orf:1_1	UniRef50_Q9IH80	29.873	395	237	9	2	374	1	377	2.61e-34	154
NC_035462.1_orf:1_1	UniRef50_Q91QZ3	38.977	821	452	12	861	1662	1164	1954	5.99e-147	514
NC_035462.1_orf:1_1	UniRef50_Q91QZ3	28.474	439	282	9	7	425	7	433	1.07e-37	165
