NC_028365.1_orf:0_1	UniRef50_A0A0S1M3C5	100.000	2223	0	0	31	2253	1	2223	0.0	4643
NC_028365.1_orf:0_1	UniRef50_A0A0S1M3C6	65.650	2230	711	7	36	2252	10	2197	0.0	3069
NC_028365.1_orf:0_1	UniRef50_A0A0S1M3C1	58.724	2304	859	23	34	2252	5	2301	0.0	2761
NC_028365.1_orf:0_1	UniRef50_P08617	57.783	2255	889	20	32	2253	3	2227	0.0	2658
NC_028365.1_orf:0_1	UniRef50_A0A0S1M3B2	54.272	2294	936	28	37	2252	1	2259	0.0	2438
NC_028365.1_orf:0_1	UniRef50_Q6R325	38.444	2250	1229	39	37	2251	4	2132	0.0	1465
NC_028365.1_orf:0_1	UniRef50_Q05794	58.179	1186	439	14	32	1187	3	1161	0.0	1403
NC_028365.1_orf:0_1	UniRef50_Q05794	55.000	900	393	7	1346	2243	1162	2051	0.0	1004
NC_028365.1_orf:0_1	UniRef50_P31788	70.205	829	231	3	32	856	3	819	0.0	1263
NC_028365.1_orf:0_1	UniRef50_Q91I86	72.711	546	145	2	275	816	1	546	0.0	852
NC_028365.1_orf:0_1	UniRef50_Q67813	52.918	754	337	9	1014	1760	2	744	0.0	789
NC_028364.1_orf:2_1	UniRef50_A0A0S1M3B2	100.000	2260	0	0	2	2261	1	2260	0.0	4712
NC_028364.1_orf:2_1	UniRef50_A0A0S1M3C5	54.308	2298	931	30	1	2260	6	2222	0.0	2437
NC_028364.1_orf:2_1	UniRef50_A0A0S1M3C6	54.245	2273	942	26	1	2260	10	2197	0.0	2422
NC_028364.1_orf:2_1	UniRef50_P08617	52.216	2279	1011	29	1	2260	7	2226	0.0	2367
NC_028364.1_orf:2_1	UniRef50_A0A0S1M3C1	51.419	2326	1033	27	1	2260	7	2301	0.0	2337
NC_028364.1_orf:2_1	UniRef50_Q05794	48.256	1204	556	21	1	1186	7	1161	0.0	1135
NC_028364.1_orf:2_1	UniRef50_Q05794	55.507	908	386	8	1344	2251	1162	2051	0.0	1016
NC_028364.1_orf:2_1	UniRef50_P31788	59.829	819	312	6	1	809	7	818	0.0	1048
NC_028364.1_orf:2_1	UniRef50_Q6R325	49.933	751	346	9	2	748	4	728	0.0	739
NC_028364.1_orf:2_1	UniRef50_Q6R325	37.795	1143	656	24	1119	2254	1030	2124	0.0	708
NC_028364.1_orf:2_1	UniRef50_Q91I86	61.439	542	200	6	240	777	1	537	0.0	712
NC_028364.1_orf:2_1	UniRef50_Q67813	47.382	764	368	12	1014	1770	10	746	0.0	688
NC_028363.1_orf:0_1	UniRef50_P08617	66.460	2260	715	16	10	2261	3	2227	0.0	3147
NC_028363.1_orf:0_1	UniRef50_A0A0S1M3C5	57.600	2283	878	27	9	2261	1	2223	0.0	2634
NC_028363.1_orf:0_1	UniRef50_A0A0S1M3C1	55.464	2306	957	21	14	2260	7	2301	0.0	2568
NC_028363.1_orf:0_1	UniRef50_A0A0S1M3B2	52.073	2291	1021	27	15	2260	1	2259	0.0	2348
NC_028363.1_orf:0_1	UniRef50_Q05794	64.244	1211	395	12	10	1212	3	1183	0.0	1589
NC_028363.1_orf:0_1	UniRef50_Q05794	65.559	903	298	5	1349	2251	1162	2051	0.0	1257
NC_028363.1_orf:0_1	UniRef50_P31788	79.298	826	164	5	8	833	1	819	0.0	1392
NC_028363.1_orf:0_1	UniRef50_A0A0S1M3C6	52.531	1304	581	14	969	2260	920	2197	0.0	1353
NC_028363.1_orf:0_1	UniRef50_A0A0S1M3C6	76.508	779	180	2	14	791	10	786	0.0	1293
NC_028363.1_orf:0_1	UniRef50_Q67813	61.609	758	278	4	1014	1771	2	746	0.0	977
NC_028363.1_orf:0_1	UniRef50_Q91I86	79.818	550	107	3	253	802	1	546	0.0	937
NC_028363.1_orf:0_1	UniRef50_Q6R325	35.426	1290	738	26	990	2259	918	2132	0.0	763
NC_028363.1_orf:0_1	UniRef50_Q6R325	49.735	754	348	10	13	762	2	728	0.0	733
NC_016143.1_orf:0_3	UniRef50_G8DPK0	100.000	87	0	0	10	96	1	87	1.92e-55	173
NC_016143.1_orf:1_1	UniRef50_G8DPJ8	100.000	435	0	0	23	457	1	435	0.0	877
