NC_034381.1_orf:0_2	UniRef50_I3VR62	100.000	2281	0	0	18	2298	1	2281	0.0	4759
NC_034381.1_orf:0_2	UniRef50_A0A1P8SNT4	48.050	2231	1037	33	106	2297	65	2212	0.0	2029
NC_034381.1_orf:0_2	UniRef50_A0A0B6CCI0	46.385	2227	1092	26	109	2297	88	2250	0.0	1936
NC_034381.1_orf:0_2	UniRef50_A0A220IGD6	41.057	2270	1171	43	110	2297	20	2204	0.0	1582
NC_034381.1_orf:0_2	UniRef50_X4YI28	34.465	2269	1255	47	110	2297	2	2119	0.0	1122
NC_034381.1_orf:0_2	UniRef50_X2L6K2	31.715	2245	1278	60	109	2272	452	2522	0.0	988
NC_034381.1_orf:0_2	UniRef50_Q66765	40.416	1346	703	22	963	2297	1034	2291	0.0	925
NC_034381.1_orf:0_2	UniRef50_Q66765	40.433	831	444	19	104	901	64	876	2.71e-157	550
NC_034381.1_orf:0_2	UniRef50_Q66774	31.563	2278	1220	74	110	2293	210	2242	0.0	920
NC_034381.1_orf:0_2	UniRef50_M4JGH6	40.137	1313	721	19	994	2293	1038	2298	0.0	917
NC_034381.1_orf:0_2	UniRef50_M4JGH6	40.118	845	450	25	85	901	72	888	4.51e-149	525
NC_034381.1_orf:0_2	UniRef50_B4YYR0	39.969	1306	683	22	1014	2293	146	1376	0.0	892
NC_035205.1_orf:0_4	UniRef50_A0A220NQ58	100.000	227	0	0	3	229	1	227	5.57e-167	466
NC_035205.1_orf:0_4	UniRef50_A0A0B4VLL1	39.819	221	121	6	14	227	8	223	2.49e-33	127
NC_035205.1_orf:0_4	UniRef50_A0A096XLM0	34.802	227	140	4	3	227	1	221	3.21e-33	126
NC_035205.1_orf:0_4	UniRef50_Q5G7H2	39.524	210	117	6	18	225	11	212	6.65e-29	115
NC_035205.1_orf:0_4	UniRef50_Q5GR22	36.486	222	125	9	15	227	9	223	1.32e-25	107
NC_035205.1_orf:0_4	UniRef50_Q918W2	34.071	226	133	6	9	227	2	218	8.45e-24	102
NC_035205.1_orf:0_4	UniRef50_A0A1W5VPH6	34.158	202	129	3	27	226	24	223	2.00e-23	101
NC_035205.1_orf:0_4	UniRef50_A0A0A7M9C3	33.628	226	121	7	18	227	12	224	3.81e-23	100
NC_035205.1_orf:0_4	UniRef50_Q4F977	34.685	222	131	9	14	227	8	223	4.50e-23	100
NC_035205.1_orf:0_4	UniRef50_A0A1W5VPJ5	34.653	202	128	3	27	226	18	217	6.62e-23	99.8
NC_035205.1_orf:0_5	UniRef50_A0A220NQ63	100.000	62	0	0	53	114	1	62	4.71e-34	119
NC_035205.1_orf:0_5	UniRef50_A0A173G8H3	26.667	60	44	0	53	112	1	60	4.34e-04	43.1
NC_035205.1_orf:0_5	UniRef50_A0A096XMC6	39.130	46	28	0	67	112	15	60	8.10e-04	42.7
