NC_034975.1_orf:0_1	UniRef50_G1JYV7	82.121	330	56	2	1	328	208	536	0.0	558
NC_034975.1_orf:0_1	UniRef50_A0A1C9U6F9	77.134	328	75	0	1	328	41	368	0.0	550
NC_034975.1_orf:0_1	UniRef50_A0A1L6BXE1	77.134	328	75	0	1	328	182	509	0.0	548
NC_034975.1_orf:0_1	UniRef50_Q9IFX2	73.585	318	84	0	11	328	1100	1417	2.63e-173	525
NC_034975.1_orf:0_1	UniRef50_W5X2P8	72.555	317	87	0	12	328	1086	1402	2.55e-169	514
NC_034975.1_orf:0_1	UniRef50_D0EHJ9	61.920	323	119	4	1	323	188	506	1.64e-142	419
NC_034975.1_orf:0_1	UniRef50_A0A1I9ZJ77	61.920	323	119	4	1	323	946	1264	4.02e-136	424
NC_034975.1_orf:0_1	UniRef50_R4N1J0	57.622	328	135	3	1	328	160	483	5.86e-136	401
NC_034975.1_orf:0_1	UniRef50_A0A0S3CQI6	58.824	306	116	4	22	324	1	299	1.09e-126	371
NC_034975.1_orf:0_1	UniRef50_D0EHK2	52.647	340	148	5	1	328	189	527	2.20e-125	376
NC_034975.1_orf:1_1	UniRef50_C5IDP4	100.000	859	0	0	1	859	1	859	0.0	1775
NC_034975.1_orf:1_1	UniRef50_G1JYV5	54.407	851	359	11	9	856	1	825	0.0	786
NC_034975.1_orf:1_1	UniRef50_A0A1C9U6H0	37.729	872	477	21	1	859	15	833	1.03e-156	486
NC_034975.1_orf:1_1	UniRef50_Q9JG99	58.879	428	163	8	47	466	1	423	3.65e-149	465
NC_034975.1_orf:1_1	UniRef50_Q9JG99	34.884	129	72	2	737	859	654	776	4.26e-09	69.3
NC_034975.1_orf:1_1	UniRef50_G1JYU0	55.684	431	182	5	47	474	1	425	1.17e-140	442
NC_034975.1_orf:1_1	UniRef50_G1JYU0	40.625	128	57	2	744	855	642	766	1.87e-12	80.1
NC_034975.1_orf:1_1	UniRef50_Q9IFX1	36.761	846	438	24	47	859	1	782	5.65e-136	431
NC_034975.1_orf:1_1	UniRef50_UPI0008141EF1	55.072	345	151	3	116	460	1	341	4.91e-116	364
NC_034975.1_orf:1_1	UniRef50_G7Z045	59.091	308	122	3	125	431	1	305	1.01e-111	351
NC_034975.1_orf:1_1	UniRef50_C5IDQ0	47.489	438	213	9	47	478	1	427	3.16e-104	348
NC_034975.1_orf:1_1	UniRef50_G7Z042	61.290	279	105	2	120	397	2	278	4.26e-104	330
NC_034975.1_orf:2_1	UniRef50_A0A0F7R2G4	41.593	113	45	7	7	101	1	110	9.83e-06	48.9
NC_034974.1_orf:0_1	UniRef50_G8E3V3	79.369	824	170	0	10	833	1	824	0.0	1414
NC_034974.1_orf:0_1	UniRef50_A0A0K2D825	75.669	785	191	0	10	794	1	785	0.0	1276
NC_034974.1_orf:0_1	UniRef50_A0A060BCX1	67.742	806	251	3	29	833	1	798	0.0	1189
NC_034974.1_orf:0_1	UniRef50_A0A060BGV0	67.632	794	248	3	29	821	1	786	0.0	1164
NC_034974.1_orf:0_1	UniRef50_A0A0M5MYM6	42.336	822	402	18	12	819	1	764	0.0	597
NC_034974.1_orf:0_1	UniRef50_A0A0B5CUM6	45.041	726	356	14	109	826	21	711	0.0	581
NC_034974.1_orf:0_1	UniRef50_F6LD28	67.059	340	102	3	495	833	1	331	2.54e-163	484
NC_034974.1_orf:0_1	UniRef50_A0A1Y0DCJ8	35.673	855	460	18	32	821	19	848	4.51e-154	479
NC_034974.1_orf:0_1	UniRef50_A0A1S7IV66	33.025	866	479	21	32	821	22	862	9.63e-133	424
NC_034974.1_orf:0_1	UniRef50_A0A1S7IV61	32.905	857	474	21	41	821	31	862	3.22e-126	418
NC_034974.1_orf:0_5	UniRef50_A0A0K0NJE7	59.132	783	282	15	3	777	1	753	0.0	862
NC_034974.1_orf:0_5	UniRef50_A0A1Y0DCK6	58.854	785	302	12	3	777	1	774	0.0	851
NC_034974.1_orf:0_5	UniRef50_A0A0K0NIZ9	58.883	788	286	16	3	776	1	764	0.0	836
NC_034974.1_orf:0_5	UniRef50_A0A060BMA6	55.102	784	318	12	2	777	16	773	0.0	754
NC_034974.1_orf:0_5	UniRef50_A0A221LEB1	49.313	801	372	14	1	777	34	824	0.0	672
NC_034974.1_orf:0_5	UniRef50_A0A1L2IWS5	45.012	802	384	19	3	777	1	772	0.0	593
NC_034974.1_orf:0_5	UniRef50_A0A1D6Y6S1	41.117	788	401	16	3	777	1	738	0.0	544
NC_034974.1_orf:0_5	UniRef50_A0A0M4U1Q8	42.748	786	383	20	2	777	16	744	1.74e-180	542
NC_034974.1_orf:0_5	UniRef50_A0A1D6Y6S0	34.399	782	437	18	16	776	13	739	4.27e-134	422
NC_034974.1_orf:0_5	UniRef50_A0A1L6C8G0	81.154	260	43	3	3	259	1	257	6.27e-134	404
NC_034974.1_orf:1_4	UniRef50_A0A0K0NJ10	55.072	69	29	1	21	89	1	67	2.26e-13	66.6
NC_034974.1_orf:2_2	UniRef50_A0A0K2D825	92.030	527	42	0	1	527	786	1312	0.0	1016
NC_034974.1_orf:2_2	UniRef50_A0A060BGV0	81.548	504	93	0	24	527	783	1286	0.0	888
NC_034974.1_orf:2_2	UniRef50_A0A0M5MYM6	68.588	503	157	1	25	526	763	1265	0.0	761
NC_034974.1_orf:2_2	UniRef50_Q9IFX2	60.624	513	184	9	24	522	905	1413	0.0	617
NC_034974.1_orf:2_2	UniRef50_A0A1S7IV61	59.055	508	200	7	24	527	859	1362	0.0	600
NC_034974.1_orf:2_2	UniRef50_W5X2P8	57.714	525	199	11	21	527	883	1402	0.0	588
NC_034974.1_orf:2_2	UniRef50_R4N1J0	58.628	481	193	4	46	522	1	479	0.0	587
NC_034974.1_orf:2_2	UniRef50_G1JYV7	54.095	525	223	8	12	522	12	532	0.0	564
NC_034974.1_orf:2_2	UniRef50_D0EHJ9	55.315	508	212	9	23	521	5	506	0.0	531
NC_034974.1_orf:2_2	UniRef50_A0A120GVJ7	85.211	284	42	0	244	527	1	284	0.0	521
NC_034973.1_orf:0_1	UniRef50_O56050	70.950	2000	565	6	11	2004	3	1992	0.0	3008
NC_034973.1_orf:0_1	UniRef50_A0A1L3KKS2	40.487	2055	1084	32	29	1998	13	2013	0.0	1507
NC_034973.1_orf:0_1	UniRef50_A0A1L3KL28	39.583	1776	959	29	300	2000	59	1795	0.0	1223
NC_034973.1_orf:0_1	UniRef50_A0A1L3KLW0	36.273	1803	1028	27	299	2003	287	2066	0.0	1135
NC_034973.1_orf:0_1	UniRef50_F8TVS6	92.449	490	33	1	371	856	1	490	0.0	920
NC_034973.1_orf:0_1	UniRef50_F8TE35	37.952	1133	650	19	910	2000	26	1147	0.0	768
NC_034973.1_orf:0_1	UniRef50_F8TVS7	92.908	282	20	0	1579	1860	1	282	0.0	563
NC_034973.1_orf:0_1	UniRef50_A0A0A1XGZ9	32.134	806	469	25	1241	2000	251	1024	2.38e-96	345
NC_034973.1_orf:0_1	UniRef50_O36966	30.988	810	495	18	1211	1980	949	1734	3.30e-96	355
NC_034973.1_orf:0_1	UniRef50_O36966	29.825	399	262	9	405	794	283	672	3.43e-41	176
NC_034973.1_orf:0_1	UniRef50_A0A221LFB9	31.127	816	480	21	1195	1971	945	1717	8.87e-94	347
NC_034973.1_orf:0_1	UniRef50_A0A221LFB9	32.518	409	253	9	405	805	365	758	3.27e-48	199
