NC_035127.1_orf:0_4	UniRef50_A0A1Z2RX77	99.576	1416	6	0	1	1416	2018	3433	0.0	2943
NC_035127.1_orf:0_4	UniRef50_A0A0A1G6M8	43.976	1328	688	28	12	1300	7	1317	0.0	989
NC_035127.1_orf:0_4	UniRef50_Q68772	43.806	1340	696	29	1	1300	2099	3421	0.0	987
NC_035127.1_orf:0_4	UniRef50_A0A089G1B4	41.396	1447	779	32	2	1399	2051	3477	0.0	985
NC_035127.1_orf:0_4	UniRef50_A0A1L6Z3P9	42.328	1323	704	24	13	1299	2479	3778	0.0	974
NC_035127.1_orf:0_4	UniRef50_A0A0U2I4W0	41.843	1367	710	29	1	1320	1130	2458	0.0	970
NC_035127.1_orf:0_4	UniRef50_Q9WJB2	41.797	1347	721	28	14	1320	2511	3834	0.0	956
NC_035127.1_orf:0_4	UniRef50_Q6SJE7	41.783	1357	726	29	5	1320	4	1337	0.0	956
NC_035127.1_orf:0_4	UniRef50_A0A0B6C113	42.020	1366	726	28	12	1333	2094	3437	0.0	951
NC_035127.1_orf:0_4	UniRef50_Q83017	41.202	1398	761	28	13	1377	2213	3582	0.0	939
NC_035127.1_orf:0_7	UniRef50_A0A1Z2RX60	100.000	157	0	0	6	162	1	157	1.95e-112	322
NC_035127.1_orf:1_1	UniRef50_A0A1Z2RX77	100.000	2023	0	0	30	2052	1	2023	0.0	4128
NC_035127.1_orf:1_1	UniRef50_A0A1Z2RX68	95.439	2039	91	2	30	2068	1	2037	0.0	3855
NC_035127.1_orf:1_1	UniRef50_A0A0B5JKI4	32.956	1238	751	25	855	2052	1041	2239	2.87e-159	552
NC_035127.1_orf:1_1	UniRef50_A0A0B5JKI4	30.566	530	297	19	31	515	5	508	7.30e-44	185
NC_035127.1_orf:1_1	UniRef50_A0A0B5JQL5	32.956	1238	751	25	855	2052	1059	2257	3.38e-158	553
NC_035127.1_orf:1_1	UniRef50_A0A0B5JQL5	30.699	544	305	20	17	515	10	526	1.35e-44	188
NC_035127.1_orf:1_1	UniRef50_Q6UN13	30.562	1299	740	26	838	2052	1158	2378	2.67e-148	521
NC_035127.1_orf:1_1	UniRef50_Q6UN13	29.304	546	299	26	35	518	8	528	3.41e-32	147
NC_035127.1_orf:1_1	UniRef50_Q04561	30.494	1315	739	28	838	2062	1175	2404	9.86e-146	515
NC_035127.1_orf:1_1	UniRef50_Q04561	28.676	544	305	24	35	518	8	528	1.31e-30	142
NC_035127.1_orf:1_1	UniRef50_A0A1W5WZZ2	31.069	1281	757	24	824	2042	1146	2362	6.38e-144	507
NC_035127.1_orf:1_1	UniRef50_A0A1W5WZZ2	29.182	538	306	19	35	512	8	530	1.93e-36	161
NC_035127.1_orf:1_1	UniRef50_Q9WJB2	30.132	1291	785	24	824	2057	1277	2507	1.02e-143	509
NC_035127.1_orf:1_1	UniRef50_Q9WJB2	26.888	543	310	18	35	511	8	529	2.42e-32	148
NC_035127.1_orf:1_1	UniRef50_B6VGX5	29.822	1291	800	23	804	2042	1227	2463	4.61e-143	505
NC_035127.1_orf:1_1	UniRef50_B6VGX5	28.125	544	304	18	35	512	8	530	7.70e-39	169
NC_035127.1_orf:1_1	UniRef50_A0A0K0VKA9	30.187	1282	779	24	824	2048	1235	2457	2.33e-141	500
NC_035127.1_orf:1_1	UniRef50_A0A0K0VKA9	28.757	539	303	19	35	512	8	526	8.18e-35	155
NC_035127.1_orf:1_7	UniRef50_A0A1Z2RX71	100.000	71	0	0	4	74	1	71	3.71e-42	138
NC_035127.1_orf:1_7	UniRef50_L0CRQ2	45.283	53	29	0	4	56	1	53	2.70e-07	50.4
NC_035127.1_orf:1_7	UniRef50_A0A0B6CDH3	35.714	56	32	1	4	59	1	52	6.83e-05	44.3
NC_035127.1_orf:1_7	UniRef50_A0A0B5JSN7	35.294	68	42	1	4	69	1	68	4.02e-04	42.4
NC_035127.1_orf:1_8	UniRef50_A0A1Z2RX57	100.000	183	0	0	11	193	1	183	2.14e-136	385
NC_035127.1_orf:1_10	UniRef50_A0A1Z2RX74	100.000	171	0	0	13	183	1	171	4.23e-123	351
NC_035127.1_orf:1_10	UniRef50_Q04565	29.878	164	111	2	23	183	10	172	3.37e-16	79.7
NC_035127.1_orf:1_10	UniRef50_Q4U5T6	35.593	118	72	2	69	183	2	118	1.23e-12	68.9
NC_035127.1_orf:1_10	UniRef50_Q87062	36.667	90	56	1	94	183	68	156	7.48e-09	60.1
NC_035127.1_orf:1_10	UniRef50_A0A0B5JWP6	25.974	154	109	2	33	182	21	173	5.50e-06	52.4
NC_035127.1_orf:2_12	UniRef50_A0A1Z2RX65	100.000	300	0	0	1	300	1	300	0.0	629
NC_035127.1_orf:2_13	UniRef50_A0A1Z2RX67	100.000	206	0	0	40	245	1	206	4.91e-150	423
NC_035127.1_orf:2_13	UniRef50_A0A0K0VJX1	27.053	207	137	4	41	245	4	198	3.87e-12	70.9
NC_035127.1_orf:2_13	UniRef50_A0A097NZA4	23.923	209	144	3	40	244	1	198	1.42e-09	63.9
NC_035127.1_orf:2_13	UniRef50_A0A1Z1MZB0	29.381	194	131	3	40	233	1	188	4.97e-09	62.4
NC_035127.1_orf:2_13	UniRef50_A0A0A0WEX3	29.167	168	105	5	47	213	12	166	1.37e-08	60.5
NC_035127.1_orf:2_13	UniRef50_A0A0B5JQL0	25.000	176	128	3	71	245	56	228	2.23e-08	61.2
NC_035127.1_orf:2_13	UniRef50_Q04569	27.692	195	133	5	40	233	1	188	1.52e-06	55.5
NC_035127.1_orf:2_13	UniRef50_A0A120HVK6	28.571	147	94	4	88	233	119	255	8.30e-05	51.2
NC_035127.1_orf:2_13	UniRef50_A0A167L7B6	28.788	132	90	2	112	243	108	235	9.04e-05	50.8
NC_035127.1_orf:2_14	UniRef50_A0A1Z2RX66	100.000	121	0	0	6	126	1	121	2.32e-83	246
NC_035127.1_orf:2_14	UniRef50_A0A0B5JFS1	30.476	105	70	2	6	107	15	119	1.38e-05	49.3
NC_035127.1_orf:2_14	UniRef50_Q87063	27.368	95	64	1	34	123	16	110	5.78e-04	44.3
