NC_034505.1_orf:1_1	UniRef50_W8CZV3	81.678	1430	261	1	9	1437	1	1430	0.0	2479
NC_034505.1_orf:1_1	UniRef50_S5WLZ1	53.594	1433	652	10	9	1431	1	1430	0.0	1638
NC_034505.1_orf:1_1	UniRef50_A0A0R7FK92	36.061	1442	868	23	12	1422	2	1420	0.0	925
NC_034505.1_orf:1_1	UniRef50_A0A142J8G0	35.543	1463	843	31	9	1412	1	1422	0.0	901
NC_034505.1_orf:1_1	UniRef50_Q9IBP4	34.553	1476	873	23	12	1433	2	1438	0.0	897
NC_034505.1_orf:1_1	UniRef50_P04505	35.246	1464	873	23	12	1435	5	1433	0.0	892
NC_034505.1_orf:1_1	UniRef50_H6U325	34.045	1451	901	21	9	1435	1	1419	0.0	889
NC_034505.1_orf:1_1	UniRef50_A0A088MG36	34.037	1469	903	23	9	1436	2	1445	0.0	886
NC_034505.1_orf:1_1	UniRef50_A0A142J8F3	33.540	1449	902	24	9	1425	1	1420	0.0	875
NC_034505.1_orf:1_1	UniRef50_P04875	34.150	1470	888	27	12	1433	2	1439	0.0	873
NC_034504.1_orf:2_1	UniRef50_W8CZV3	76.120	1428	337	2	26	1452	6	1430	0.0	2323
NC_034504.1_orf:2_1	UniRef50_S5WLZ1	53.114	1429	659	9	26	1446	5	1430	0.0	1657
NC_034504.1_orf:2_1	UniRef50_A0A0R7FK92	35.172	1450	876	25	22	1437	1	1420	0.0	921
NC_034504.1_orf:2_1	UniRef50_P04505	34.343	1453	903	19	26	1450	4	1433	0.0	895
NC_034504.1_orf:2_1	UniRef50_A0A142J8G0	35.513	1453	859	28	22	1427	1	1422	0.0	885
NC_034504.1_orf:2_1	UniRef50_A0A142J8F3	34.114	1451	889	25	25	1440	2	1420	0.0	879
NC_034504.1_orf:2_1	UniRef50_P04875	34.628	1467	891	27	22	1448	1	1439	0.0	878
NC_034504.1_orf:2_1	UniRef50_Q9IBP4	34.358	1464	893	22	26	1448	2	1438	0.0	874
NC_034504.1_orf:2_1	UniRef50_H6U325	34.514	1440	877	28	40	1450	17	1419	0.0	871
NC_034504.1_orf:2_1	UniRef50_A0A0E3TUJ1	34.914	1455	882	27	21	1451	5	1418	0.0	871
NC_034501.1_orf:1_1	UniRef50_A0A088MG55	66.953	233	77	0	7	239	1	233	1.24e-119	347
NC_034501.1_orf:1_1	UniRef50_Q98750	60.256	234	92	1	7	239	1	234	1.98e-92	278
NC_034501.1_orf:1_1	UniRef50_P04873	58.974	234	95	1	7	239	1	234	5.02e-92	277
NC_034501.1_orf:1_1	UniRef50_Q82984	58.120	234	97	1	7	239	1	234	6.85e-91	274
NC_034501.1_orf:1_1	UniRef50_Q6KC67	53.219	233	109	0	7	239	1	233	9.07e-84	256
NC_034501.1_orf:1_1	UniRef50_A0A162HUM4	53.219	233	109	0	7	239	1	233	2.40e-83	255
NC_034501.1_orf:1_1	UniRef50_P16993	48.918	231	118	0	7	237	1	231	5.76e-76	236
NC_034501.1_orf:1_1	UniRef50_P16495	46.352	233	125	0	7	239	1	233	1.11e-70	223
NC_034501.1_orf:1_1	UniRef50_A0A142K3K3	50.463	216	105	1	23	238	21	234	5.29e-66	211
NC_034501.1_orf:1_1	UniRef50_Q6KC65	56.805	169	73	0	39	207	4	172	2.90e-65	207
NC_034501.1_orf:2_1	UniRef50_A0A0M4IVN6	50.000	92	46	0	7	98	1	92	2.58e-17	77.8
NC_034501.1_orf:2_1	UniRef50_P04874	46.739	92	49	0	7	98	1	92	5.14e-16	74.3
NC_034501.1_orf:2_1	UniRef50_A0A0B5KU65	50.000	80	40	0	8	87	1	80	7.36e-14	68.6
NC_034501.1_orf:2_1	UniRef50_D3K4P5	57.143	63	27	0	36	98	1	63	2.90e-13	66.6
NC_034501.1_orf:2_1	UniRef50_A0A0E3TUI9	42.466	73	42	0	14	86	7	79	7.88e-07	50.8
NC_034501.1_orf:2_1	UniRef50_P16494	36.842	95	60	0	7	101	1	95	1.85e-06	50.1
NC_034501.1_orf:2_1	UniRef50_Q9J975	32.941	85	57	0	12	96	5	89	6.13e-05	46.2
NC_034500.1_orf:2_1	UniRef50_A0A088MFQ0	100.000	1416	0	0	7	1422	1	1416	0.0	2883
NC_034500.1_orf:2_1	UniRef50_A0A1X9JT56	43.772	1389	745	19	13	1378	3	1378	0.0	1147
NC_034500.1_orf:2_1	UniRef50_A0A088MG36	40.610	1443	801	22	9	1410	7	1434	0.0	1068
NC_034500.1_orf:2_1	UniRef50_Q9IBP4	36.986	1460	853	23	7	1421	2	1439	0.0	967
NC_034500.1_orf:2_1	UniRef50_H6U325	37.836	1414	851	22	26	1421	15	1418	0.0	962
NC_034500.1_orf:2_1	UniRef50_P04875	37.116	1401	805	23	26	1371	13	1392	0.0	954
NC_034500.1_orf:2_1	UniRef50_A0A142J8G0	36.864	1416	837	23	29	1397	17	1422	0.0	949
NC_034500.1_orf:2_1	UniRef50_A0A088MJ16	38.866	1428	812	29	26	1421	16	1414	0.0	944
NC_034500.1_orf:2_1	UniRef50_A0A142J8F3	36.575	1419	853	23	26	1410	15	1420	0.0	928
NC_034500.1_orf:2_1	UniRef50_A0A0E3TUJ1	35.901	1415	855	21	24	1410	17	1407	0.0	914
