NC_034981.1_orf:4_1	UniRef50_A0A0K0M9E3	54.310	464	212	0	14	477	1	464	0.0	526
NC_034981.1_orf:4_1	UniRef50_U6E7B1	38.235	476	280	6	14	478	1	473	2.77e-94	300
NC_034981.1_orf:4_1	UniRef50_I2FFQ3	36.680	488	280	10	14	477	1	483	8.63e-85	276
NC_034981.1_orf:4_1	UniRef50_I2FFQ1	36.310	504	276	12	14	477	1	499	1.55e-81	268
NC_034981.1_orf:4_1	UniRef50_A0A219T3X0	36.310	336	201	5	26	350	3	336	6.99e-49	178
NC_034980.1_orf:3_1	UniRef50_A0A0K0M9D9	100.000	62	0	0	2	63	1	62	9.24e-35	119
NC_034980.1_orf:5_1	UniRef50_A0A0S1U2C2	99.571	233	1	0	21	253	1	233	5.64e-172	480
NC_034980.1_orf:5_1	UniRef50_I2GAD5	36.145	166	106	0	21	186	1	166	7.84e-32	122
NC_034980.1_orf:5_1	UniRef50_A0A0G4DHW8	32.159	227	150	1	21	243	1	227	1.40e-29	118
NC_034980.1_orf:5_1	UniRef50_A0A1W5RUL9	33.503	197	129	2	21	216	1	196	3.44e-27	111
NC_034979.1_orf:4_1	UniRef50_A0A0K0M9E3	100.000	467	0	0	11	477	1	467	0.0	949
NC_034979.1_orf:4_1	UniRef50_U6E7B1	38.866	476	275	6	11	474	1	472	1.10e-101	319
NC_034979.1_orf:4_1	UniRef50_I2FFQ1	37.267	483	265	9	11	457	1	481	6.51e-87	282
NC_034979.1_orf:4_1	UniRef50_I2FFQ3	37.607	468	268	11	11	457	1	465	8.96e-87	281
NC_034979.1_orf:4_1	UniRef50_A0A219T3X0	38.438	333	192	6	23	344	3	333	2.32e-55	195
NC_034976.1_orf:0_10	UniRef50_O90304	90.726	1585	144	3	5	1588	1	1583	0.0	2922
NC_034976.1_orf:0_10	UniRef50_G3XFW9	93.133	233	16	0	6	238	1	233	3.51e-147	457
NC_034976.1_orf:0_10	UniRef50_L7RRR3	84.615	143	22	0	872	1014	1	143	1.25e-68	234
NC_034976.1_orf:0_10	UniRef50_A0A0E3J9I3	25.658	152	110	2	1114	1265	836	984	5.06e-04	53.9
NC_034976.1_orf:0_12	UniRef50_P0C0V9	96.145	415	16	0	2	416	1	415	0.0	776
NC_034976.1_orf:0_12	UniRef50_A0A0K0KAR3	65.957	282	89	4	5	284	15	291	1.26e-123	367
NC_034976.1_orf:0_12	UniRef50_B8YPB6	58.639	191	79	0	41	231	1	191	6.21e-79	249
NC_034976.1_orf:0_12	UniRef50_P31964	73.239	142	38	0	278	419	1	142	4.60e-57	191
NC_034976.1_orf:0_12	UniRef50_P07975	33.241	361	211	13	32	373	65	414	2.23e-43	168
NC_034976.1_orf:0_12	UniRef50_UPI00077DF008	32.976	373	201	15	31	372	48	402	3.90e-43	163
NC_034976.1_orf:0_12	UniRef50_P15776	32.708	373	196	14	27	373	29	372	4.60e-40	155
NC_034976.1_orf:0_12	UniRef50_A0A1X9T5J5	31.467	375	205	15	26	373	54	403	3.29e-39	157
NC_034976.1_orf:0_12	UniRef50_Q5MQD1	32.454	379	207	14	5	373	3	342	9.11e-39	150
NC_034976.1_orf:0_12	UniRef50_T2HQS4	33.564	289	170	9	32	305	51	332	9.21e-35	139
NC_034976.1_orf:0_13	UniRef50_Q65482	54.255	94	36	3	7	100	1	87	4.35e-17	76.6
NC_034976.1_orf:1_3	UniRef50_P0C6V7	90.921	2291	208	0	1	2291	4567	6857	0.0	4412
NC_034976.1_orf:1_3	UniRef50_A0A0E3GHV1	30.938	2366	1454	61	16	2268	4697	6995	0.0	962
NC_034976.1_orf:1_3	UniRef50_I6LMN0	30.055	2369	1481	71	1	2263	4854	7152	0.0	861
NC_034976.1_orf:1_3	UniRef50_Q008X6	29.016	2378	1460	73	16	2262	4567	6847	0.0	849
NC_034976.1_orf:1_3	UniRef50_A0A1L3KJ67	29.853	2318	1418	74	39	2243	3283	5505	0.0	837
NC_034976.1_orf:1_3	UniRef50_A0A1I9RYV8	28.982	2329	1431	76	14	2213	58	2292	0.0	821
NC_034976.1_orf:1_3	UniRef50_A0A1L3KIY4	30.030	2331	1382	84	28	2242	5181	7378	0.0	815
NC_034976.1_orf:1_3	UniRef50_A0A076PY83	29.432	2341	1394	82	35	2241	5848	8064	0.0	809
NC_034976.1_orf:1_3	UniRef50_A0A076E6X1	29.016	2347	1415	74	25	2241	72	2297	0.0	805
NC_034976.1_orf:1_3	UniRef50_A0A0F6PMZ2	34.098	1613	940	41	26	1610	3148	4665	0.0	758
NC_034976.1_orf:1_6	UniRef50_O90305	96.567	233	8	0	6	238	1	233	5.48e-165	461
NC_034976.1_orf:1_6	UniRef50_Q0PRS9	98.529	136	2	0	57	192	1	136	7.42e-92	273
NC_034976.1_orf:1_6	UniRef50_A0A0K0KBV7	96.154	26	1	0	213	238	1	26	1.29e-06	51.6
NC_034976.1_orf:2_3	UniRef50_P0C6F4	93.048	4445	308	1	33	4476	1	4445	0.0	8400
NC_034976.1_orf:2_3	UniRef50_U5IJ73	76.431	4455	1001	11	33	4476	1	4417	0.0	7093
NC_034976.1_orf:2_3	UniRef50_P0C6V7	63.427	4599	1504	41	21	4474	2	4567	0.0	5856
NC_034976.1_orf:2_3	UniRef50_P0C6F3	78.506	2289	480	6	2196	4476	2285	4569	0.0	3823
NC_034976.1_orf:2_3	UniRef50_P0C6F3	51.132	2165	947	30	21	2122	2	2118	0.0	2080
NC_034976.1_orf:2_3	UniRef50_A0A1W6IYK5	52.804	214	91	3	1834	2038	1423	1635	5.41e-55	224
NC_034976.1_orf:2_3	UniRef50_I6LMN0	20.745	1557	1007	55	2781	4214	3374	4826	3.15e-25	126
NC_034976.1_orf:2_3	UniRef50_H8PHI3	20.745	1557	1007	55	2781	4214	3374	4826	7.98e-25	124
NC_034976.1_orf:2_3	UniRef50_A0A076E579	23.345	574	360	20	2802	3348	4578	5098	5.82e-21	112
NC_034976.1_orf:2_3	UniRef50_Q9IKD3	34.266	143	84	3	4306	4438	4	146	1.82e-19	99.8
NC_034976.1_orf:2_3	UniRef50_Q008X6	19.832	1548	1007	55	2796	4214	3081	4523	3.90e-19	105
NC_034976.1_orf:2_10	UniRef50_O90306	94.611	167	9	0	12	178	1	167	4.84e-81	244
NC_034976.1_orf:2_10	UniRef50_I2A675	72.800	125	28	3	28	151	3	122	6.13e-50	164
