NC_036636.1_orf:2_1a	NC_036636.1_orf:2_1	100.000	103	0	0	1	103	1	103	3.07e-70	225
NC_036636.1_orf:2_1a	NC_025831.1_orf:2_1	82.353	102	18	0	1	102	1	102	1.18e-56	186
NC_036636.1_orf:2_1a	NC_029931.1_orf:0_1	71.429	91	26	0	12	102	1	91	5.39e-44	150
NC_036636.1_orf:2_1a	NC_034392.1_orf:2_1	35.802	81	52	0	21	101	10	90	3.32e-16	71.2
NC_036636.1_orf:2_1a	NC_034520.1_orf:2_1	35.443	79	51	0	23	101	29	107	1.95e-15	68.9
NC_036636.1_orf:2_1a	NC_034502.1_orf:1_1	38.462	65	40	0	23	87	10	74	3.90e-12	59.3
NC_036636.1_orf:2_1a	NC_034511.1_orf:2_1	32.558	86	56	2	17	101	15	99	1.24e-11	58.2
NC_036636.1_orf:2_1a	NC_005301.3_orf:1_1	27.473	91	64	1	15	103	26	116	1.49e-07	46.6
NC_036636.1_orf:2_1a	NC_034387.1_orf:0_1	27.957	93	65	2	13	103	13	105	1.61e-07	46.2
NC_036636.1_orf:2_1a	NC_004159.1_orf:1_1	32.692	52	35	0	15	66	14	65	1.57e-06	43.5
NC_036636.1_orf:2_1a	NC_031284.1_orf:1_1	30.645	62	41	1	40	101	38	97	6.95e-06	41.6
NC_036636.1_orf:2_1a	NC_031291.1_orf:0_1	29.032	62	43	1	41	102	49	109	8.38e-05	38.5
NC_036636.1_orf:2_1a	NC_029124.1_orf:2_1	28.736	87	58	3	1	85	1	85	1.11e-04	38.1
NC_036636.1_orf:2_1a	NC_031135.1_orf:2_1	24.359	78	59	0	25	102	33	110	5.01e-04	36.2
NC_036636.1_orf:2_1a	NC_011540.1_orf:0_1	39.474	38	23	0	35	72	881	918	8.52e-04	35.8
NC_036636.1_orf:2_1a	NC_029909.1_orf:2_1	34.375	64	37	4	1	61	1	62	0.001	35.4
NC_036636.1_orf:2_1a	NC_030926.1_orf:2_1	32.075	53	31	1	11	63	859	906	0.018	32.0
NC_036636.1_orf:2_1a	NC_034561.1_orf:1_1	23.864	88	63	3	6	90	1	87	0.021	31.6
NC_036636.1_orf:2_1a	NC_027527.1_orf:0_1	52.381	21	10	0	42	62	817	837	0.044	30.8
NC_036636.1_orf:2_1a	NC_019025.1_orf:0_1	32.143	56	34	3	24	79	934	985	0.21	28.9
NC_036636.1_orf:2_1a	NC_013527.1_orf:1_1	39.394	33	19	1	29	60	901	933	0.26	28.5
NC_036636.1_orf:2_1a	NC_003499.1_orf:1_1	41.379	29	17	0	43	71	902	930	0.30	28.5
NC_036636.1_orf:2_1a	NC_009892.1_orf:1_1	48.148	27	13	1	38	63	1055	1081	0.48	27.7
NC_036636.1_orf:2_1a	NC_009383.1_orf:1_1	28.571	49	30	2	43	89	921	966	0.52	27.7
NC_036636.1_orf:2_1a	NC_026616.2_orf:1_1	50.000	20	10	0	43	62	811	830	0.52	27.7
NC_036636.1_orf:2_1a	NC_018871.1_orf:2_1	24.691	81	41	2	20	90	1761	1831	0.53	27.7
NC_036636.1_orf:2_1a	NC_008020.1_orf:2_1	25.000	52	39	0	20	71	885	936	0.68	27.3
NC_036636.1_orf:2_1a	NC_009764.1_orf:1_1	44.000	25	13	1	43	67	905	928	0.78	27.3
NC_036636.1_orf:2_1a	NC_003930.1_orf:0_1	22.619	84	51	2	3	72	1183	1266	0.93	26.9
NC_036636.1_orf:2_1a	NC_023892.1_orf:0_1	37.500	24	15	0	40	63	917	940	1.1	26.9
NC_036636.1_orf:2_1a	NC_001461.1_orf:1_1	24.561	57	42	1	32	88	1343	1398	1.2	26.6
NC_036636.1_orf:2_1a	NC_029038.1_orf:2_1	24.074	54	34	1	34	80	320	373	1.3	26.6
NC_036636.1_orf:2_1a	NC_012038.1_orf:1_1	41.176	34	19	1	41	73	876	909	1.7	26.2
NC_036636.1_orf:2_1a	NC_028369.1_orf:0_1	34.091	44	21	2	33	68	5249	5292	2.1	26.2
NC_036636.1_orf:2_1a	NC_012210.1_orf:2_1	47.059	17	9	0	47	63	840	856	2.3	25.8
NC_036636.1_orf:2_1a	NC_036597.1_orf:1_1	52.941	17	8	0	47	63	57	73	2.4	25.8
NC_036636.1_orf:2_1a	NC_013111.1_orf:2_1	50.000	20	10	0	47	66	587	606	2.7	25.8
NC_036636.1_orf:2_1a	NC_003746.1_orf:2_1	30.769	52	31	2	10	56	300	351	2.8	25.4
NC_036636.1_orf:2_1a	NC_001948.1_orf:1_1	52.941	17	8	0	43	59	1088	1104	2.9	25.4
NC_036636.1_orf:2_1a	NC_028975.1_orf:1_1	35.714	28	18	0	48	75	965	992	3.1	25.4
NC_036636.1_orf:2_1a	NC_010538.1_orf:1_1	52.941	17	8	0	45	61	904	920	3.4	25.4
NC_036636.1_orf:2_1a	NC_016084.1_orf:0_1	45.000	20	11	0	48	67	657	676	3.6	25.4
NC_036636.1_orf:2_1a	NC_002552.1_orf:2_1	61.538	13	5	0	47	59	921	933	3.6	25.4
NC_036636.1_orf:2_1a	NC_005343.1_orf:0_1	33.333	39	25	1	37	74	905	943	4.1	25.0
NC_036636.1_orf:2_1a	NC_022643.1_orf:0_1	42.857	21	12	0	19	39	2576	2596	4.1	25.0
NC_036636.1_orf:2_1a	NC_000947.1_orf:0_1	42.857	35	18	1	7	41	2010	2042	4.4	25.0
NC_036636.1_orf:2_1a	NC_003797.1_orf:1_1	33.333	48	25	2	33	73	2892	2939	4.5	25.0
NC_036636.1_orf:2_1a	NC_018711.1_orf:5_1	23.377	77	57	1	5	81	1212	1286	4.6	25.0
NC_036636.1_orf:2_1a	NC_025432.1_orf:2_1	32.500	40	19	1	23	54	118	157	5.6	24.6
NC_036636.1_orf:2_1a	NC_026248.1_orf:1_1	28.205	39	25	1	45	83	893	928	6.2	24.6
NC_036636.1_orf:2_1a	NC_025388.1_orf:1_1	32.143	28	19	0	48	75	948	975	6.7	24.6
NC_036636.1_orf:2_1a	NC_016993.1_orf:0_1	25.581	43	30	1	37	79	229	269	6.9	24.6
NC_036636.1_orf:2_1a	NC_035203.1_orf:1_1	47.059	17	9	0	43	59	1066	1082	7.8	24.3
NC_036636.1_orf:2_1a	NC_011550.1_orf:2_1	26.829	41	28	1	37	77	229	267	7.9	24.3
NC_036636.1_orf:2_1a	NC_003870.1_orf:0_1	41.667	24	14	0	48	71	855	878	8.4	24.3
NC_036636.1_orf:2_1a	NC_022978.1_orf:0_1	25.806	31	23	0	55	85	1309	1339	8.4	24.3
NC_036636.1_orf:2_1a	NC_018570.2_orf:1_1	22.581	62	41	1	2	63	1401	1455	8.7	24.3
